cluster	p_val	avg_logFC	pct.1	pct.2	p_val_adj	gene
1	0	2.25630601698243	0.993	0.283	0	SERPINE2
1	0	2.24939000791281	0.957	0.128	0	POSTN
1	0	2.06486192387546	0.949	0.144	0	KRT18
1	0	1.98151726331685	0.999	0.731	0	COL1A1
1	0	1.85017771935133	0.996	0.333	0	TGFBI
1	0	1.63197855335613	0.889	0.156	0	IGFBP3
1	0	1.62112102178108	0.974	0.232	0	ID3
1	0	1.45967112956763	0.981	0.195	0	C12orf75
1	0	1.18878728457495	0.986	0.325	0	FHL2
1	0	1.1600889302977	0.999	0.932	0	FN1
1	0	1.12791602951478	0.969	0.332	0	PTX3
1	0	1.10284485198679	0.997	0.645	0	PKM
1	0	1.10235421877209	1	0.994	0	GAPDH
1	0	1.09450914409292	0.97	0.397	0	PRSS23
1	0	1.09303170768043	0.792	0.129	0	ID1
1	0	1.0622861392509	0.753	0.039	0	KIAA1199
1	0	1.06075624713285	1	0.942	0	SH3BGRL3
1	0	1.05621494444111	0.991	0.551	0	ARPC1B
1	0	1.04320223270701	0.999	0.971	0	COL1A2
1	0	1.03312638563484	0.98	0.435	0	LOX
1	0	1.03121294119521	0.954	0.18	0	ENG
1	0	1.02937837040573	0.983	0.632	0	TPM1
1	0	1.02868191767468	0.993	0.598	0	PRKCDBP
1	0	1.01504445999452	0.994	0.727	0	TAGLN
1	0	1.00800732498301	0.787	0.109	0	TNFRSF11B
1	0	0.9959795952083	0.96	0.382	0	EIF4EBP1
1	0	0.97784639766466	1	0.967	0	PFN1
1	0	0.968238506010874	0.634	0.011	0	GREM1
1	0	0.951044031097387	0.952	0.261	0	SEPW1
1	0	0.929400593416717	0.911	0.507	0	TUBA1B
1	0	0.926009421439089	0.975	0.474	0	S100A16
1	0	0.923721603471229	0.978	0.406	0	SERPINH1
1	0	0.912465472286677	0.747	0.11	0	SCRG1
1	0	0.903722347610762	0.889	0.276	0	UCHL1
1	0	0.902721674100568	0.906	0.189	0	TNFRSF12A
1	0	0.901975381160806	0.993	0.617	0	C19orf10
1	0	0.883076982516116	0.994	0.707	0	ENO1
1	0	0.866107112813261	0.81	0.142	0	ATF5
1	0	0.863751828463735	0.998	0.796	0	CD99
1	0	0.862400726062823	0.982	0.581	0	EFEMP1
1	0	0.862206923610658	0.994	0.729	0	TUBB
1	0	0.856617451371562	0.85	0.076	0	PSAT1
1	0	0.856332249814373	0.986	0.515	0	RHOC
1	0	0.855390195559163	0.998	0.842	0	TPI1
1	0	0.835972794611091	0.845	0.147	0	HEG1
1	0	0.830871594630825	0.976	0.493	0	ARPC5
1	0	0.829753550809836	0.914	0.227	0	MTHFD2
1	0	0.826881741582707	0.998	0.794	0	MYL12A
1	0	0.820869012206443	0.998	0.762	0	CD59
1	0	0.815450999649975	1	0.954	0	ACTG1
1	0	0.813469600107966	0.625	0.071	0	VEPH1
1	0	0.812046365530057	1	0.996	0	VIM
1	0	0.811900095574751	0.876	0.246	0	VCAN
1	0	0.808368915406366	0.869	0.233	0	ID2
1	0	0.802942653610768	0.766	0.072	0	STC2
1	0	0.801064822670367	0.931	0.25	0	RAB32
1	0	0.796764075458382	0.993	0.564	0	P4HB
1	0	0.787775443226624	0.996	0.702	0	CALU
1	0	0.787732532774033	0.998	0.784	0	TSPO
1	0	0.786105512228048	0.898	0.156	0	PLS3
1	0	0.78410667654728	0.992	0.637	0	TPM4
1	0	0.775872996668071	0.733	0.119	0	KRT7
1	0	0.767218558727249	0.494	0.052	0	PI16
1	0	0.757569556317362	0.999	0.93	0	CFL1
1	0	0.756700210946047	0.99	0.582	0	REXO2
1	0	0.753779874660015	0.957	0.424	0	TMED9
1	0	0.745804253229169	0.633	0.074	0	ANKRD37
1	0	0.745090387067779	1	0.964	0	TIMP1
1	0	0.738949019978389	1	0.958	0	TXN
1	0	0.738801425782514	0.86	0.167	0	LOXL2
1	0	0.735213142433558	0.69	0.071	0	LXN
1	0	0.728749051451143	0.995	0.751	0	PDLIM2
1	0	0.72717826052944	0.972	0.631	0	H2AFZ
1	0	0.722274533759488	0.694	0.078	0	NREP
1	0	0.716812272972508	0.987	0.568	0	RBM3
1	0	0.713847972439312	0.813	0.171	0	PTGIS
1	0	0.709049686276195	0.919	0.226	0	GARS
1	0	0.708077239166498	0.623	0.183	0	IFI27
1	0	0.7061488454334	0.962	0.346	0	EFEMP2
1	0	0.704176100328525	0.918	0.28	0	HERPUD1
1	0	0.704136087942888	0.915	0.372	0	HSPA5
1	0	0.700599466497238	0.836	0.291	0	DDIT4
1	0	0.694755403725442	1	0.977	0	ANXA2
1	0	0.692547001026654	0.996	0.801	0	ARPC2
1	0	0.690269324210801	0.601	0.089	0	TNFAIP6
1	0	0.688669017276334	0.991	0.715	0	CLIC1
1	0	0.678500421181786	0.988	0.656	0	HMGN1
1	0	0.675470604710478	0.993	0.7	0	ANXA5
1	0	0.674571364981698	0.926	0.323	0	PDLIM7
1	0	0.673641168544944	0.92	0.391	0	HMGA1
1	0	0.668699738112101	1	0.994	0	ACTB
1	0	0.667278113562024	0.597	0.064	0	INHBA
1	0	0.666237658648204	0.997	0.766	0	MYL12B
1	0	0.665214229285813	0.665	0.108	0	SULF1
1	0	0.662063124228933	1	0.987	0	OAZ1
1	0	0.651115197066386	0.939	0.425	0	PDIA6
1	0	0.646354035077281	0.694	0.21	0	CRABP2
1	0	0.644372955957887	0.994	0.9	0	ZFAS1
1	0	0.643920781909155	0.929	0.548	0	SRGN
1	0	0.642753558754548	0.994	0.809	0	MYL9
1	0	0.635705514748041	1	0.95	0	S100A10
1	0	0.635299215820804	0.969	0.535	0	ARPC1A
1	0	0.6333390543646	0.445	0.013	0	KIAA0101
1	0	0.632891452647259	0.998	0.924	0	CALM2
1	0	0.632092649731664	0.942	0.463	0	PGK1
1	0	0.632057690570123	0.988	0.664	0	DYNLT1
1	0	0.630805215201798	0.998	0.847	0	AP2S1
1	0	0.627040728263315	0.995	0.748	0	AP2M1
1	0	0.626094432609294	0.854	0.399	0	MEST
1	0	0.621519845907368	0.919	0.352	0	CALM3
1	0	0.61962207269971	0.749	0.104	0	SLC16A3
1	0	0.619137697290357	0.947	0.435	0	PDIA3
1	0	0.618379984188937	0.995	0.777	0	NUPR1
1	0	0.616750301592937	0.999	0.891	0	PRDX5
1	0	0.616619756151019	0.445	0.051	0	TFPI2
1	0	0.616021828573517	0.918	0.401	0	HSP90B1
1	0	0.615677801694619	1	0.993	0	RPS7
1	0	0.612188303117236	0.388	0.083	0	NDUFA4L2
1	0	0.611521240249912	0.999	0.885	0	LDHA
1	0	0.605818200571042	0.981	0.633	0	HMGN2
1	0	0.602844228132462	0.774	0.092	0	WARS
1	0	0.602326666935995	0.787	0.122	0	IER3
1	0	0.601976228102752	0.997	0.906	0	GUK1
1	0	0.598498304853916	0.963	0.525	0	ATF4
1	0	0.595063068042602	0.721	0.091	0	CDC42EP3
1	0	0.592782385869831	0.942	0.43	0	SLC38A2
1	0	0.58225369099498	0.968	0.566	0	CALR
1	0	0.581497264014042	0.797	0.156	0	LOXL1
1	0	0.58041807539321	0.63	0.034	0	TRIB3
1	0	0.578184595400471	0.827	0.238	0	CKAP4
1	0	0.577633601800964	0.977	0.539	0	FXYD5
1	0	0.576786747950802	0.993	0.715	0	LY6E
1	0	0.571123315933823	1	1	0	LGALS1
1	0	0.569666720453433	0.987	0.62	0	ARF4
1	0	0.569632846010644	0.706	0.09	0	LMO7
1	0	0.564142314398249	1	0.931	0	TPM2
1	0	0.563464711694327	0.883	0.317	0	PHGDH
1	0	0.562506184995962	0.66	0.186	0	CCL2
1	0	0.562243615601949	0.839	0.275	0	RCN3
1	0	0.561307761617293	0.964	0.492	0	CTSB
1	0	0.555048052948066	0.834	0.321	0	THBS2
1	0	0.550937162806517	0.903	0.485	0	AXL
1	0	0.550385470280735	0.993	0.76	0	RAN
1	0	0.55026629654693	0.509	0.04	0	IL6
1	0	0.549133772789072	0.943	0.462	0	PFN2
1	0	0.547762206254642	0.769	0.134	0	LINC01133
1	0	0.544860603128245	0.948	0.486	0	TAGLN2
1	0	0.542695360215538	0.958	0.489	0	ARF1
1	0	0.542641026879438	0.892	0.298	0	QSOX1
1	0	0.538079470800269	0.984	0.639	0	ARPC3
1	0	0.537845156251308	0.882	0.299	0	ISLR
1	0	0.535984333285169	0.922	0.471	0	BGN
1	0	0.535867304760225	1	0.998	0	TMSB4X
1	0	0.533710753329765	0.982	0.67	0	KDELR2
1	0	0.532957456028387	0.703	0.285	0	ACTA2
1	0	0.532407953427152	0.938	0.366	0	RAB34
1	0	0.530581079769687	0.746	0.106	0	PYCR1
1	0	0.530334021910716	0.746	0.219	0	SERPINE1
1	0	0.529058201779919	0.939	0.446	0	TCEA1
1	0	0.52844225473596	0.794	0.209	0	NEK7
1	0	0.526569134471258	0.832	0.173	0	SHMT2
1	0	0.524350239199863	0.931	0.491	0	CLIC4
1	0	0.523692459193246	0.943	0.456	0	NUTF2
1	0	0.523537419575441	0.907	0.304	0	VAT1
1	0	0.522166625465854	0.907	0.385	0	C7orf50
1	0	0.520371669583635	0.832	0.251	0	TUBA1C
1	0	0.516332356111229	0.515	0.022	0	CLIC3
1	0	0.511748790169779	0.961	0.489	0	MARCKS
1	0	0.51046406988907	0.991	0.723	0	RHOA
1	0	0.510456948146397	0.634	0.175	0	CTHRC1
1	0	0.50950826899648	0.994	0.751	0	OSTC
1	0	0.507757077622193	0.996	0.891	0	GPX1
1	0	0.504692380427783	0.999	0.951	0	NPM1
1	0	0.504599963243859	0.947	0.663	0	LUM
1	0	0.503912318887035	0.867	0.374	0	BNIP3
1	0	0.50363234727221	0.719	0.169	0	GLIPR1
1	0	0.501901807643972	0.892	0.553	0	CYP1B1
1	0	0.500901309076278	0.872	0.276	0	TSPAN4
1	0	0.500845314959185	0.588	0.105	0	MYH10
1	0	0.500506465618763	0.992	0.859	0	C6orf48
1	0	0.498360259515478	0.982	0.726	0	LMNA
1	0	0.498305666148775	0.737	0.127	0	P4HA2
1	0	0.49635901984714	0.989	0.748	0	COX7A2L
1	0	0.495213101657984	0.998	0.876	0	DSTN
1	0	0.495059796848364	0.943	0.423	0	DAB2
1	0	0.494560206061878	0.779	0.168	0	SLC1A5
1	0	0.49406896576139	0.782	0.135	0	CREB3L1
1	0	0.494031548330495	0.887	0.357	0	COL5A1
1	0	0.491382846949195	1	0.998	0	TMSB10
1	0	0.489597824670096	0.991	0.704	0	SSR2
1	0	0.487828360306768	0.585	0.066	0	PRSS3
1	0	0.486773589766257	1	0.996	0	B2M
1	0	0.486238580960547	0.998	0.927	0	PABPC1
1	0	0.479688514210708	0.899	0.329	0	GPX8
1	0	0.478146454770014	0.81	0.263	0	MYH9
1	0	0.477381318541973	0.953	0.482	0	CNN3
1	0	0.476786858124863	1	0.991	0	S100A11
1	0	0.47662766537608	0.976	0.618	0	RNH1
1	0	0.475577315787172	0.963	0.505	0	C11orf31
1	0	0.472563656869636	0.555	0.057	0	LACC1
1	0	0.470438911904721	0.983	0.635	0	EIF2S2
1	0	0.469289243903819	0.868	0.337	0	PLIN3
1	0	0.466498812816492	0.838	0.294	0	WDR1
1	0	0.466027391479443	0.795	0.205	0	P4HA1
1	0	0.464805883263013	0.982	0.709	0	PRELID1
1	0	0.464467075595106	0.998	0.905	0	DYNLL1
1	0	0.461313558119909	1	0.996	0	EIF1
1	0	0.459019400403818	0.957	0.569	0	HLA-C
1	0	0.457540017070145	0.748	0.186	0	DHRS3
1	0	0.457519595326229	0.969	0.596	0	GTF2H5
1	0	0.451214141028055	0.997	0.876	0	HNRNPA1
1	0	0.447963434140303	0.999	0.963	0	PPDPF
1	0	0.445658463686445	0.964	0.514	0	FKBP8
1	0	0.445642331930337	0.861	0.303	0	RBCK1
1	0	0.444928480699454	0.905	0.427	0	CAP1
1	0	0.444270267749079	0.659	0.087	0	BST1
1	0	0.442467071045678	0.57	0.081	0	SMYD3
1	0	0.44164497963706	0.818	0.297	0	PLP2
1	0	0.441420768530202	0.754	0.156	0	TGFB1I1
1	0	0.440865030907903	0.674	0.226	0	UBE2S
1	0	0.440209587189911	0.675	0.099	0	LURAP1L
1	0	0.439274225274076	0.978	0.67	0	SERP1
1	0	0.436117722455702	0.998	0.866	0	SLC25A3
1	0	0.434869230133026	0.985	0.67	0	SUMO1
1	0	0.433946034704669	0.901	0.372	0	FKBP10
1	0	0.433553905810553	0.435	0.088	0	PLAT
1	0	0.432002143254197	0.66	0.093	0	C1orf198
1	0	0.431959019629995	0.956	0.61	0	THY1
1	0	0.43158361417873	0.833	0.349	0	TUBB6
1	0	0.429134603576275	0.91	0.422	0	FIBP
1	0	0.428709878892238	1	0.966	0	ALDOA
1	0	0.428028219969034	0.947	0.494	0	BUD31
1	0	0.424800307725964	0.798	0.346	0	HN1
1	0	0.423944121998255	0.998	0.966	0	EEF1B2
1	0	0.422475732563389	0.891	0.375	0	HAX1
1	0	0.421683503935084	0.899	0.375	0	SARS
1	0	0.421487998393449	0.675	0.111	0	EXT1
1	0	0.42086004072142	0.997	0.906	0	COL3A1
1	0	0.420747911856227	0.721	0.316	0	B4GALT1
1	0	0.419431801413613	0.932	0.457	0	LARP6
1	0	0.418351630114307	0.899	0.402	0	CD44
1	0	0.41710724417513	0.442	0.028	0	IL32
1	0	0.414394287128865	0.995	0.948	0	H3F3B
1	0	0.41290785020622	0.772	0.236	0	SLC3A2
1	0	0.412699758641992	0.997	0.871	0	PPIB
1	0	0.410506335883431	0.881	0.371	0	SERPINB6
1	0	0.410164177121188	0.983	0.75	0	DRAP1
1	0	0.408957416176133	0.873	0.338	0	XBP1
1	0	0.408146813298448	0.824	0.236	0	TPGS2
1	0	0.405249220333763	0.961	0.587	0	TMEM167A
1	0	0.405191636503379	0.98	0.692	0	JTB
1	0	0.405071876264528	0.638	0.137	0	CDH2
1	0	0.404985244703523	0.906	0.418	0	PPP4C
1	0	0.401759684177705	0.79	0.258	0	FAM3C
1	0	0.401531707609748	0.523	0.221	0	STMN1
1	0	0.39985714261229	0.953	0.548	0	RNF7
1	0	0.399401797663107	0.857	0.343	0	MCFD2
1	0	0.398754138121645	0.958	0.576	0	PGAM1
1	0	0.39757617418085	0.833	0.321	0	SRA1
1	0	0.395970511141487	1	0.997	0	RPS3A
1	0	0.395755561491794	0.719	0.175	0	PHACTR2
1	0	0.394890361461389	0.692	0.171	0	MFAP2
1	0	0.39365171023586	0.873	0.347	0	CERCAM
1	0	0.393581698979749	0.617	0.109	0	FGF2
1	0	0.392638173589752	0.692	0.192	0	DDAH1
1	0	0.391620586848305	0.988	0.749	0	GADD45GIP1
1	0	0.388740493919451	0.783	0.269	0	ADAM12
1	0	0.388278096884416	0.735	0.203	0	MAGED2
1	0	0.388159043861265	0.964	0.59	0	HDLBP
1	0	0.386846756840295	0.566	0.045	0	ASNS
1	0	0.386701880460594	0.38	0.05	0	SCUBE3
1	0	0.385468710367289	1	0.998	0	RPS3
1	0	0.385421476699402	0.623	0.125	0	MSC
1	0	0.385186202348029	0.747	0.176	0	CDC42EP1
1	0	0.383925465665997	0.916	0.448	0	TBCB
1	0	0.383844888507639	0.688	0.171	0	CDH11
1	0	0.383109583705582	0.967	0.634	0	NME4
1	0	0.382559196165182	0.276	0.02	0	CXCL2
1	0	0.381499615524567	0.947	0.525	0	HIF1A
1	0	0.38120713008548	0.943	0.515	0	CAPZB
1	0	0.37905699994432	0.999	0.959	0	HINT1
1	0	0.378380755076978	0.548	0.101	0	LRRC17
1	0	0.376401265733059	0.788	0.244	0	BASP1
1	0	0.375652199182355	0.72	0.194	0	KDELR3
1	0	0.374601128172635	0.472	0.016	0	TPD52L1
1	0	0.37290039849732	0.943	0.647	0	CYR61
1	0	0.372372651264457	0.999	0.966	0	SLC25A6
1	0	0.372193277541964	0.592	0.066	0	MICAL2
1	0	0.371953620597596	0.997	0.868	0	POMP
1	0	0.37177354952667	0.878	0.369	0	CTGF
1	0	0.371663047519056	0.847	0.395	0	LSM4
1	0	0.371472315584388	0.993	0.807	0	SUB1
1	0	0.371392327876206	0.866	0.465	0	OSBPL8
1	0	0.371160747308609	0.848	0.315	0	CFL2
1	0	0.370224351976928	0.988	0.772	0	ERH
1	0	0.369555968438799	0.741	0.189	0	TUSC3
1	0	0.369493542582425	0.999	0.972	0	SPARC
1	0	0.369047189353954	0.67	0.144	0	NUCB2
1	0	0.368767582719481	0.672	0.215	0	ADAMTS1
1	0	0.368280089538941	0.867	0.385	0	AKR1B1
1	0	0.367567348908029	0.561	0.092	0	NTN4
1	0	0.366223327590563	0.824	0.363	0	ACTN1
1	0	0.366157536762687	0.554	0.04	0	DPYSL3
1	0	0.365623383804118	0.833	0.335	0	ACTR3
1	0	0.364958344193352	0.995	0.783	0	ANXA1
1	0	0.364799918551242	0.96	0.583	0	TMEM14C
1	0	0.364525149683929	0.944	0.54	0	YIF1A
1	0	0.364250199688385	0.876	0.369	0	METTL9
1	0	0.363660375957579	0.901	0.479	0	SNRPB
1	0	0.362990212881589	0.599	0.136	0	CRIP2
1	0	0.36214334677203	0.712	0.197	0	CRIM1
1	0	0.361758641256878	0.922	0.493	0	ANP32B
1	0	0.360999729823565	0.325	0.1	0	PTTG1
1	0	0.360159003061087	0.972	0.656	0	YWHAQ
1	0	0.357982258323971	0.984	0.693	0	CUTA
1	0	0.356847220586292	0.945	0.539	0	BANF1
1	0	0.356096267264595	0.608	0.086	0	DOK5
1	0	0.354936400861418	0.73	0.179	0	TPBG
1	0	0.35344317774116	0.744	0.206	0	TGIF1
1	0	0.353183645509825	0.682	0.158	0	EPRS
1	0	0.352174870241291	0.419	0.052	0	MGARP
1	0	0.35205288334659	0.918	0.46	0	C16orf13
1	0	0.350928662321466	0.937	0.551	0	TTC3
1	0	0.35033775967689	0.853	0.374	0	CTSA
1	0	0.349505961820032	0.924	0.636	0	CLDN11
1	0	0.348531002439865	0.894	0.496	0	H2AFV
1	0	0.348475401858718	0.886	0.395	0	TMED3
1	0	0.348104277588755	0.652	0.162	0	CDH13
1	0	0.347322856310997	0.556	0.06	0	SLC38A1
1	0	0.345782517787762	0.98	0.681	0	SPCS1
1	0	0.344940434725749	0.94	0.536	0	SSBP1
1	0	0.344483428989568	0.996	0.887	0	SEC61G
1	0	0.343748349312834	0.999	0.973	0	CALD1
1	0	0.34306391275545	0.925	0.603	0	EIF5A
1	0	0.342593090348557	0.865	0.376	0	DDOST
1	0	0.342316101267181	0.9	0.424	0	PRR13
1	0	0.341755216112817	0.847	0.334	0	FAM114A1
1	0	0.341151114262262	0.925	0.486	0	RCN1
1	0	0.340925088608933	0.297	0.032	0	KRT19
1	0	0.339744022648556	0.877	0.373	0	ANXA11
1	0	0.339573830630773	0.948	0.593	0	EIF3I
1	0	0.339043212831066	0.88	0.358	0	PFDN4
1	0	0.338957164639217	0.653	0.172	0	LGMN
1	0	0.338392611609725	0.701	0.187	0	MAGED1
1	0	0.337828059665723	0.999	0.98	0	RPSA
1	0	0.336613764671675	1	1	0	EEF1A1
1	0	0.336418646601302	1	0.996	0	MYL6
1	0	0.335889676902484	0.744	0.277	0	LRRC59
1	0	0.333152089693312	0.963	0.681	0	HLA-A
1	0	0.332036498056654	0.583	0.148	0	LTBP1
1	0	0.331954800754872	0.753	0.286	0	MANF
1	0	0.331643036524701	0.793	0.322	0	RPN2
1	0	0.330817353860269	0.748	0.236	0	ENAH
1	0	0.330754597942439	0.275	0.023	0	SBSPON
1	0	0.330676002375897	0.641	0.134	0	NT5E
1	0	0.330329152723516	0.998	0.935	0	CHCHD2
1	0	0.329475893114954	0.889	0.472	0	HLA-B
1	0	0.329064163569359	0.737	0.22	0	ADAM9
1	0	0.32771455386662	0.545	0.059	0	SH2D4A
1	0	0.327706908189606	0.892	0.439	0	TXNL4A
1	0	0.327476707107876	0.553	0.051	0	LIMS2
1	0	0.327469063188241	0.941	0.547	0	SRP9
1	0	0.327253497821126	0.958	0.628	0	COPE
1	0	0.326596713886429	0.925	0.517	0	MMP24-AS1
1	0	0.32651108681593	0.956	0.597	0	AHNAK
1	0	0.326379374195227	0.963	0.593	0	ERP29
1	0	0.324392305898683	0.811	0.313	0	AP1S1
1	0	0.323069029855597	0.827	0.332	0	GNAI2
1	0	0.322228920347291	0.967	0.678	0	SSR3
1	0	0.32201613062105	0.999	0.919	0	CCDC80
1	0	0.321045735028377	0.825	0.342	0	RRBP1
1	0	0.320442011237464	0.844	0.385	0	LMAN1
1	0	0.319160324425602	0.86	0.393	0	GTF3C6
1	0	0.319091844201706	0.726	0.248	0	GLS
1	0	0.318815259260716	0.781	0.293	0	TUBA1A
1	0	0.318256090207911	0.598	0.172	0	TP53I11
1	0	0.316702715724522	0.879	0.503	0	PGRMC2
1	0	0.316557773381994	0.894	0.401	0	DDAH2
1	0	0.316058753055984	0.916	0.461	0	ARF5
1	0	0.315496262952021	0.335	0.04	0	MALL
1	0	0.314911647283503	0.985	0.726	0	UBE2D3
1	0	0.314888462709377	0.981	0.719	0	HSPA8
1	0	0.314370325538437	0.945	0.577	0	TCEB1
1	0	0.31363248582143	0.865	0.374	0	PPP1R14B
1	0	0.313289402111313	0.381	0.138	0	MOXD1
1	0	0.312161361381602	0.515	0.088	0	TNXB
1	0	0.311591193244103	0.889	0.431	0	SUMO3
1	0	0.310889071934306	0.966	0.623	0	POLD4
1	0	0.310665230002814	0.935	0.536	0	SEP15
1	0	0.310313636462024	0.892	0.433	0	ACP1
1	0	0.310100889364289	0.936	0.565	0	COPZ2
1	0	0.310013734825709	1	0.996	0	TPT1
1	0	0.309823353019433	0.608	0.144	0	UGCG
1	0	0.309237138427875	0.747	0.246	0	GANAB
1	0	0.30907217733702	0.688	0.223	0	ATP2B1
1	0	0.308326843050616	0.868	0.438	0	GTF3A
1	0	0.308185639129356	0.8	0.296	0	TFG
1	0	0.307963805338112	0.832	0.375	0	TPM3
1	0	0.307777362611272	0.486	0.059	0	RP11-65J3.1
1	0	0.307558574923574	0.999	0.943	0	PPIA
1	0	0.307329166566255	0.959	0.627	0	YWHAB
1	0	0.307263326321463	0.858	0.393	0	SMS
1	0	0.307246202166099	0.929	0.522	0	DGUOK
1	0	0.307172626711514	0.347	0.007	0	TINAGL1
1	0	0.306108213231317	0.685	0.177	0	XPOT
1	0	0.305828953282688	0.479	0.023	0	EVA1A
1	0	0.305559029617756	0.947	0.578	0	TRAM1
1	0	0.304455815071762	0.63	0.128	0	CEBPG
1	0	0.303544483120507	0.664	0.21	0	EBNA1BP2
1	0	0.303106159723274	0.68	0.179	0	DTD1
1	0	0.302151559574236	0.641	0.24	0	DKK1
1	0	0.301759800579389	0.6	0.141	0	ALCAM
1	0	0.301222221533096	0.613	0.146	0	CTNNAL1
1	0	0.300203998944526	0.942	0.564	0	TMEM219
1	0	0.299130790653667	1	0.995	0	RPL4
1	0	0.298954080209496	0.679	0.246	0	CSRP1
1	0	0.297132886668859	0.632	0.127	0	FAP
1	0	0.296812176821864	0.972	0.685	0	HSBP1
1	0	0.296663295645369	0.995	0.865	0	SEC61B
1	0	0.296508154134347	0.923	0.672	0	PCOLCE
1	0	0.29524509637548	0.616	0.115	0	MYOF
1	0	0.295181568799611	0.974	0.668	0	SF3B14
1	0	0.294209460160615	0.751	0.23	0	TADA3
1	0	0.294208731492144	0.93	0.583	0	PGLS
1	0	0.293994622621507	0.71	0.238	0	PTS
1	0	0.292738784758973	0.356	0.033	0	MAP3K7CL
1	0	0.291958691916412	0.748	0.315	0	PLOD2
1	0	0.291070779839122	0.739	0.231	0	TSEN34
1	0	0.29054046313595	0.689	0.192	0	RECK
1	0	0.290335609708515	0.576	0.196	0	PHLDA1
1	0	0.290184708274107	0.869	0.4	0	SNX6
1	0	0.289442881784961	0.576	0.098	0	MTHFD1L
1	0	0.289345339468217	0.831	0.454	0	CTTN
1	0	0.289205775155063	0.884	0.458	0	GNG12
1	0	0.288431516750522	0.938	0.61	0	CALM1
1	0	0.287323201035673	0.988	0.781	0	TMED2
1	0	0.287247257024143	0.679	0.194	0	PLOD1
1	0	0.286921317679827	0.431	0.039	0	SCN9A
1	0	0.286755453875975	0.789	0.277	0	BCAT1
1	0	0.286537514950796	0.618	0.132	0	COMMD7
1	0	0.286243585328599	0.788	0.332	0	HCFC1R1
1	0	0.285908450392049	1	0.998	0	RPL15
1	0	0.285696880397328	0.983	0.733	0	NHP2L1
1	0	0.285595712883298	0.662	0.222	0	CTSZ
1	0	0.285517583294639	0.902	0.462	0	C1orf43
1	0	0.285352527231095	0.634	0.171	0	ADAM10
1	0	0.285337581765434	0.444	0.054	0	OCIAD2
1	0	0.285193646716913	0.928	0.537	0	LMAN2
1	0	0.284969286635368	0.675	0.184	0	LRRFIP1
1	0	0.284793129379368	0.554	0.136	0	ARL4D
1	0	0.284294406912779	0.692	0.247	0	ACTN4
1	0	0.28425187353848	0.939	0.586	0	PSMA4
1	0	0.28419534974052	0.777	0.327	0	YWHAH
1	0	0.283546507026578	0.722	0.245	0	FKBP9
1	0	0.283453555154736	0.73	0.245	0	IARS
1	0	0.283417069975534	0.556	0.108	0	PLAUR
1	0	0.282919232014424	0.838	0.357	0	EIF4E2
1	0	0.282737014278666	0.736	0.271	0	PERP
1	0	0.282548379707423	0.731	0.239	0	MAP1A
1	0	0.281888949018519	0.905	0.458	0	PCNP
1	0	0.2815631919268	0.927	0.515	0	COMT
1	0	0.281003398214023	0.945	0.624	0	NHP2
1	0	0.280225683581209	0.423	0.028	0	RAB3B
1	0	0.280165592404874	0.71	0.258	0	NANS
1	0	0.27916953985272	0.975	0.725	0	RSL24D1
1	0	0.279155509304176	0.697	0.204	0	PROCR
1	0	0.279056661179097	0.818	0.344	0	UBE2V2
1	0	0.279049015746636	1	0.998	0	RPL8
1	0	0.278792447527803	0.866	0.429	0	C11orf73
1	0	0.278653162255541	0.797	0.315	0	IFT20
1	0	0.278638747826634	0.999	0.998	0	RPL9
1	0	0.278436734896225	0.593	0.125	0	GIPC1
1	0	0.278237864596427	0.831	0.376	0	MTCH1
1	0	0.277438611450068	0.799	0.334	0	ETHE1
1	0	0.276966120132267	0.566	0.137	0	AEBP1
1	0	0.276337000769908	0.761	0.272	0	TPD52L2
1	0	0.276200374766188	0.863	0.407	0	CIB1
1	0	0.275945108116231	0.848	0.343	0	LRP10
1	0	0.275620591083238	0.877	0.413	0	SH3GLB1
1	0	0.274895833021449	0.416	0.016	0	RP5-1172A22.1
1	0	0.274874898850786	0.969	0.68	0	TRAPPC1
1	0	0.274757593287515	0.541	0.114	0	PRRX2
1	0	0.274678804401739	0.845	0.419	0	ARHGDIA
1	0	0.27250971682916	0.879	0.453	0	MZT2A
1	0	0.272453331195356	0.8	0.274	0	CHIC2
1	0	0.272316948804906	0.809	0.339	0	ANXA7
1	0	0.272308447099732	0.525	0.069	0	YDJC
1	0	0.271566816301588	0.732	0.263	0	MSRB3
1	0	0.270788789098697	0.89	0.446	0	UBE2D2
1	0	0.270629714355644	0.188	0.041	0	KRT14
1	0	0.270596475981902	0.868	0.323	0	MIR4435-1HG
1	0	0.270484505839778	0.802	0.339	0	PSMA5
1	0	0.270195060323105	0.429	0.041	0	DPP4
1	0	0.269711196860222	0.293	0.01	0	PSG5
1	0	0.269470448759383	0.808	0.354	0	COPZ1
1	0	0.26869314146064	0.695	0.216	0	COL12A1
1	0	0.268626568176409	0.451	0.104	0	LINC01116
1	0	0.268474043518469	0.641	0.153	0	CASP4
1	0	0.267697588018537	0.754	0.26	0	RGS10
1	0	0.267537118346933	0.93	0.551	0	DYNLRB1
1	0	0.267537028610124	0.92	0.524	0	STRAP
1	0	0.26675957103092	0.682	0.185	0	RALA
1	0	0.266360541872531	0.982	0.764	0	PTRF
1	0	0.266310110429898	0.21	0.01	0	HAPLN1
1	0	0.265568140982327	0.834	0.377	0	FKBP11
1	0	0.265534543127112	0.823	0.358	0	MEA1
1	0	0.265390045413971	0.977	0.693	0	CD151
1	0	0.265175599339635	0.818	0.342	0	PRAF2
1	0	0.265135786274683	0.951	0.582	0	VDAC1
1	0	0.264902798862556	0.294	0.011	0	HSPB7
1	0	0.264589120352691	0.955	0.712	0	SNHG8
1	0	0.263959117435812	0.799	0.321	0	TXNL1
1	0	0.263513041209643	0.878	0.45	0	RER1
1	0	0.263501754275782	0.946	0.625	0	PSMD8
1	0	0.263367921746455	0.503	0.094	0	PSMB9
1	0	0.26283563206478	0.535	0.159	0	MDK
1	0	0.26269040304365	0.926	0.54	0	GSTO1
1	0	0.262544775751832	0.823	0.378	0	KPNB1
1	0	0.262196839203073	0.846	0.387	0	MYL6B
1	0	0.262177825744619	0.899	0.555	0	SRSF3
1	0	0.262134657092102	0.585	0.135	0	TSEN15
1	0	0.261696067276937	0.543	0.105	0	PGM3
1	0	0.260674489692011	0.417	0.056	0	TMEM200A
1	0	0.259592267692536	0.851	0.413	0	SELT
1	0	0.259065665933039	0.995	0.899	0	EIF3F
1	0	0.2589546998154	0.987	0.836	0	MZT2B
1	0	0.258205097878558	0.859	0.442	0	HDDC2
1	0	0.257714067702503	0.745	0.279	0	ANKRD11
1	0	0.257659005274238	0.722	0.249	0	ARL3
1	0	0.257376252830533	0.962	0.682	0	C7orf73
1	0	0.257316146531233	0.436	0.047	0	TMEM106C
1	0	0.25714212831605	0.531	0.087	0	TARS
1	0	0.256560840623575	0.939	0.59	0	MXRA8
1	0	0.256224265761311	0.761	0.295	0	KXD1
1	0	0.255929120974715	0.754	0.287	0	CISD2
1	0	0.254787915217431	0.425	0.105	0	RGS4
1	0	0.254782113986157	0.875	0.414	0	MMADHC
1	0	0.25397073137661	0.473	0.046	0	PRR16
1	0	0.253715422522343	0.792	0.334	0	PPP1CA
1	0	0.25349516233896	0.429	0.058	0	GDF15
1	0	0.253333054579535	0.671	0.224	0	MSN
1	0	0.252985652439252	0.621	0.177	0	BAG2
1	0	0.252827714233369	0.765	0.304	0	SEC61A1
1	0	0.252591282245562	0.968	0.67	0	BAX
1	0	0.251839340971649	0.775	0.319	0	MRPL17
1	0	0.251562027290546	0.664	0.222	0	CCPG1
1	0	0.251196157290527	0.995	0.886	0	SUMO2
1	0	0.250846552124786	0.86	0.436	0	PSMB2
1	0	0.250514976217206	0.821	0.368	0	EIF1B
1	0	-0.250009462213167	1	0.999	0	RPS25
1	0	-0.250816469627283	0.922	0.754	0	BZW1
1	0	-0.251361701203827	0.764	0.644	0	GNG11
1	0	-0.25508732831229	1	1	0	RPL41
1	0	-0.262558631715392	1	0.996	0	UBA52
1	0	-0.26272321991442	1	1	0	MT-CO1
1	0	-0.264717517173481	0.954	0.848	0	EIF4A2
1	0	-0.274321179408215	1	0.999	0	RPL35
1	0	-0.275520794126797	0.99	0.952	0	UBC
1	0	-0.275847870317645	0.98	0.897	0	UQCRB
1	0	-0.277382859069471	1	1	0	RPS19
1	0	-0.278860126363591	0.999	0.998	0	MT-CYB
1	0	-0.279296811867228	0.849	0.694	0	BLOC1S1
1	0	-0.279729341327002	0.957	0.804	0	SERBP1
1	0	-0.281957922356942	0.995	0.952	0	NGFRAP1
1	0	-0.283711433584149	0.996	0.966	0	ATP5L
1	0	-0.284794626942476	0.948	0.816	0	TIMP2
1	0	-0.284994407164093	1	0.998	0	RPL35A
1	0	-0.291804445378027	0.999	0.994	0	COX4I1
1	0	-0.292846434646448	0.996	0.972	0	RPS21
1	0	-0.295082737143075	0.999	0.998	0	FAU
1	0	-0.297547331249518	1	1	0	FTL
1	0	-0.298466228952506	0.982	0.871	0	MGST3
1	0	-0.299933177095576	0.916	0.782	0	MT-ND5
1	0	-0.3010582810677	0.85	0.735	0	S100A4
1	0	-0.307646215163636	1	0.997	0	RPL12
1	0	-0.307775231145283	0.825	0.674	0	ZFP36L1
1	0	-0.309129610262523	0.075	0.242	0	GCHFR
1	0	-0.316018154427534	0.012	0.159	0	HPD
1	0	-0.326688427033076	0.987	0.927	0	SNRPD2
1	0	-0.32758188801344	0.93	0.832	0	LAMC1
1	0	-0.328295994175227	0.937	0.84	0	GLTSCR2
1	0	-0.331136136723787	0.072	0.233	0	ITGA7
1	0	-0.338184441348969	1	0.999	0	RPS8
1	0	-0.342326731181816	0.044	0.201	0	ACSL5
1	0	-0.342355328441807	0.982	0.911	0	NDUFB2
1	0	-0.348586582291636	1	0.999	0	RPL21
1	0	-0.349063524283027	0.966	0.873	0	MRPS21
1	0	-0.351752390611969	1	0.999	0	RPS15
1	0	-0.35538373274614	0.027	0.236	0	LMO3
1	0	-0.357911508397747	0.05	0.255	0	NR1H3
1	0	-0.358262300116443	0.989	0.959	0	COMMD6
1	0	-0.35845292242181	0.994	0.972	0	TOMM7
1	0	-0.364872573932464	0.987	0.932	0	UBL5
1	0	-0.368118816476604	0.999	1	0	MT-CO3
1	0	-0.372465639860757	0.999	0.997	0	RPS15A
1	0	-0.397155686389458	0.104	0.296	0	AOX1
1	0	-0.399902440905272	0.009	0.192	0	CHI3L2
1	0	-0.401654489639681	0.171	0.329	0	IL17RC
1	0	-0.405320983882378	0.051	0.308	0	CCDC69
1	0	-0.407732279246849	0.993	0.977	0	TMA7
1	0	-0.410151298689754	0.959	0.903	0	NBEAL1
1	0	-0.411323314241975	0.046	0.289	0	MME
1	0	-0.411610068867687	0.022	0.176	0	C11orf96
1	0	-0.424518993815693	0.985	0.949	0	RPL17
1	0	-0.426120529400042	0.045	0.194	0	DGAT2
1	0	-0.42662031875486	0.01	0.198	0	IGFBP2
1	0	-0.4292420377929	0.99	0.973	0	COL6A1
1	0	-0.429498256200725	0.012	0.227	0	IL17RE
1	0	-0.440102972426876	1	0.999	0	RPL36
1	0	-0.441276615113869	0.119	0.314	0	LAMA2
1	0	-0.447468444107886	0.975	0.935	0	TMEM258
1	0	-0.448550411848911	0.992	0.94	0	FSTL1
1	0	-0.454160628250791	0.086	0.238	0	TIMP4
1	0	-0.454516897421725	1	1	0	FTH1
1	0	-0.455066215422296	1	0.998	0	RPL31
1	0	-0.456562296885433	0.993	0.995	0	NEAT1
1	0	-0.458378160453932	0.018	0.321	0	FKBP5
1	0	-0.461983297192765	0.106	0.281	0	LEPR
1	0	-0.463231941737802	0.997	0.988	0	RPS26
1	0	-0.467667390657279	0.998	0.99	0	MT-ATP6
1	0	-0.468705433596336	0.242	0.378	0	TSKU
1	0	-0.47735677995022	0.998	0.995	0	RPL37
1	0	-0.479879163190327	0.996	0.994	0	GPX4
1	0	-0.485301186412507	0.015	0.204	0	LIPE
1	0	-0.487313947791069	0.006	0.23	0	FIGF
1	0	-0.495252760108439	0.999	0.983	0	IFITM3
1	0	-0.504680263394943	0.03	0.184	0	APOC1
1	0	-0.504687593938519	0.039	0.34	0	RASSF4
1	0	-0.512210322111506	0.128	0.32	0	RDH5
1	0	-0.523739173601956	0.134	0.356	0	FXYD1
1	0	-0.528572329156553	0.05	0.389	0	METTL7A
1	0	-0.53750045422704	0.185	0.442	0	SELENBP1
1	0	-0.538805802550102	0.067	0.246	0	MT1A
1	0	-0.549623341670159	0.027	0.318	0	SCARA5
1	0	-0.562361278381262	0.155	0.409	0	CSAD
1	0	-0.562706684327704	0.06	0.342	0	PRELP
1	0	-0.59605245800972	0.082	0.316	0	CRISPLD2
1	0	-0.625302464017209	0.035	0.288	0	IGF1
1	0	-0.62662825025911	0.177	0.444	0	GAS1
1	0	-0.63551079843886	0.006	0.218	0	CPB1
1	0	-0.637866058637881	0.029	0.28	0	UCP2
1	0	-0.645865322743223	0.141	0.379	0	SFRP1
1	0	-0.681727361621396	0.21	0.529	0	TGFBR3
1	0	-0.72742337951115	0.027	0.2	0	MT1G
1	0	-0.730653048866688	0.146	0.384	0	ACSL1
1	0	-0.737767853612188	0.596	0.71	0	AC009501.4
1	0	-0.79615397985936	0.114	0.465	0	PLTP
1	0	-0.799255092448049	0.705	0.71	0	DCXR
1	0	-0.808204609284079	0.544	0.603	0	STOM
1	0	-0.83132771968026	0.06	0.285	0	DPT
1	0	-0.837139371651588	0.019	0.365	0	HSD11B1
1	0	-0.842066022403149	0.337	0.462	0	CHCHD10
1	0	-0.843556053081175	0.013	0.418	0	ACACB
1	0	-0.849013519989195	0.455	0.714	0	AKR1C3
1	0	-0.852293547801716	0.425	0.631	0	GLUL
1	0	-0.86195608144163	0.137	0.365	0	FASN
1	0	-0.876681585017448	0.393	0.677	0	EPHX1
1	0	-0.883126688348822	0.507	0.624	0	MARCKSL1
1	0	-0.940129374649524	0.625	0.717	0	PDLIM1
1	0	-0.969424165700415	0.991	0.957	0	PRDX6
1	0	-0.970300372009676	0.053	0.503	0	RAMP2
1	0	-0.985925973387481	0.647	0.722	0	PLA2G16
1	0	-1.00294546080875	0.481	0.577	0	PNPLA2
1	0	-1.00618127743705	0.055	0.324	0	RBP4
1	0	-1.03057678301091	0.952	0.907	0	DBI
1	0	-1.03168030071754	0.019	0.506	0	RASD1
1	0	-1.04815032751475	0.006	0.515	0	PDK4
1	0	-1.05607512965292	0.895	0.919	0	HSPB6
1	0	-1.05841625429577	0.801	0.836	0	BTG1
1	0	-1.09448604407572	0.163	0.453	0	MT1M
1	0	-1.12514894849974	0.05	0.241	0	IGF2
1	0	-1.22681571463102	0.051	0.646	0	AKR1C2
1	0	-1.24115866864175	0.789	0.834	0	CYB5A
1	0	-1.24643327518482	0.951	0.949	0	MMP2
1	0	-1.26878269200826	0.9	0.947	0	SAT1
1	0	-1.29327866086114	0.662	0.861	0	SRPX
1	0	-1.346155760875	0.793	0.956	0	MT-ND3
1	0	-1.35801706902662	0.732	0.939	0	SERPING1
1	0	-1.39171665519479	0.12	0.479	0	PTGDS
1	0	-1.40433894588961	0.013	0.291	0	SAA1
1	0	-1.43036237524425	0.299	0.795	0	NID1
1	0	-1.44748185411248	0.752	0.75	0	MT1E
1	0	-1.45492384791058	0.999	0.997	0	CST3
1	0	-1.52252571580772	0.997	0.998	0	MGST1
1	0	-1.5272135745193	0.013	0.676	0	CIDEC
1	0	-1.59104701595499	0.206	0.792	0	AKR1C1
1	0	-1.75369811594983	0.356	0.94	0	ADH1B
1	0	-1.78948520447481	0.59	0.963	0	IGFBP5
1	0	-1.86592662667028	0.623	0.962	0	SERPINF1
1	0	-1.88554509737989	0.394	0.703	0	FABP5
1	0	-1.98729982252412	0.085	0.597	0	APOD
1	0	-2.07270455154117	0.949	0.911	0	MT2A
1	0	-2.08000521419613	0.418	0.817	0	G0S2
1	0	-2.12828851956143	0.242	0.601	0	SCD
1	0	-2.16756675201377	0.694	0.929	0	MGP
1	0	-2.53082658400069	0.756	0.986	0	GSN
1	0	-2.77606490505705	0.307	0.913	0	GPX3
1	0	-3.06450665953767	0.027	0.835	0	APOE
1	0	-3.18930227657604	0.444	0.834	0	MT1X
1	0	-3.67081710186369	0.427	0.998	0	CFD
1	0	-3.93844177693975	0.006	0.996	0	FABP4
1	6.23775099098439e-298	-0.366375939256812	0.054	0.208	1.4333728002183e-293	SLC40A1
1	9.29175872015556e-298	-0.282959353660074	0.049	0.162	2.13515323630455e-293	MT1F
1	5.78395058110427e-297	-0.445362939862159	0.992	0.984	1.32909400403195e-292	CAV1
1	7.21537879901486e-295	-0.282891236478826	0.85	0.701	1.65802189422562e-290	H2AFJ
1	4.99987607751281e-293	-0.255912314279584	0.958	0.804	1.14892152385167e-288	MRPL41
1	4.0265494064063e-291	-0.389451876752378	0.995	0.956	9.25260788098104e-287	COX5B
1	8.25380465869983e-291	-0.286785371869469	0.094	0.218	1.89664177252263e-286	MMD
1	2.87725103989249e-287	-0.336520459538374	0.14	0.277	6.61163516456895e-283	TMEM64
1	1.68665828966196e-283	-0.281833334206544	0.796	0.627	3.87577208381423e-279	MAP1LC3A
1	3.22878808106215e-281	-0.346913884905838	0.092	0.255	7.4194321314727e-277	DUSP6
1	6.7419967350497e-281	-0.337061554095356	0.005	0.234	1.54924342974707e-276	MAOA
1	6.17308665270063e-273	-0.504164341006788	0.999	0.999	1.41851358192408e-268	RPL37A
1	4.83223097276447e-272	-1.40288799040982	0.209	0.49	1.11039835523155e-267	PLA2G2A
1	9.39611383974132e-272	-0.527090119448902	0.999	0.997	2.15913299923416e-267	RPL39
1	2.15735456965471e-271	-0.444534089446485	0.003	0.194	4.95738506560955e-267	FAM213A
1	4.67903915470338e-271	-0.620458457359131	0.595	0.594	1.07519640735929e-266	ELOVL5
1	2.70707323327124e-268	-0.290704555199631	0.876	0.728	6.22058358273398e-264	FOXP1
1	3.61423387156716e-268	-0.394561050572985	0.094	0.175	8.30514801347418e-264	GPAM
1	2.90134370639588e-267	-0.445964834822151	0.993	0.959	6.6669977029271e-263	NDUFS5
1	8.38690931337126e-266	0.250735420373952	0.119	0.019	1.92722789111958e-261	CXCL1
1	3.90147846618778e-261	-0.565841365195817	0.237	0.437	8.9652073674529e-257	ANGPTL4
1	1.92296299594807e-256	-0.536201858530965	0.003	0.233	4.41877666838906e-252	MRAP
1	2.69213809714494e-256	-0.339519033251664	0.058	0.21	6.18626413342936e-252	CD34
1	2.41261478166622e-251	-0.419234282070628	0.118	0.266	5.54394750679081e-247	GPNMB
1	2.30755541193459e-249	-0.27969724975616	0.065	0.206	5.30253158108448e-245	VIT
1	1.15580075921656e-245	-0.268048527544649	0.109	0.251	2.65591456460374e-241	SLITRK4
1	6.97610688509569e-243	-0.40908686226413	0.996	0.965	1.60303960112614e-238	COX7A2
1	1.01999546475226e-241	-0.265437527460974	0.816	0.665	2.34384757845422e-237	YBX3
1	4.28738507730934e-240	-0.746968285881673	0.424	0.527	9.85198216914913e-236	PTPRS
1	3.32600261619865e-237	-0.344775112595904	0.136	0.275	7.64282141176289e-233	DCLK1
1	3.31022761974712e-236	-1.08217002903262	0.001	0.369	7.60657204741691e-232	PLIN4
1	1.53654745592201e-235	-0.324371386130481	0.003	0.201	3.53083239896318e-231	ALDH1L1
1	1.64332390128555e-234	-0.394370660722061	0.985	0.916	3.77619399276406e-230	C14orf2
1	8.36211382089425e-233	-0.291185254845725	0.062	0.187	1.92153013490329e-228	CDKN1C
1	1.11960868924876e-232	-0.365787156643795	0.108	0.281	2.57274880702474e-228	TNFRSF21
1	6.79464612774938e-231	-0.373325593543183	0.003	0.155	1.56134173369553e-226	CES1
1	4.77551065194002e-228	-0.738082885888307	0.793	0.676	1.0973645927093e-223	HEBP2
1	6.24335499987589e-227	-0.384625623790929	0.089	0.244	1.43466054542148e-222	C3
1	8.95819069116567e-224	-1.04883861269339	0.252	0.546	2.05850263892296e-219	CD36
1	1.10477507320227e-223	-0.354528456525048	0.212	0.353	2.53866264071151e-219	C7orf55
1	3.15867182498123e-221	-0.336750407158988	0.745	0.651	7.25831198662437e-217	CTSL
1	6.02753433095745e-219	-0.409128348890683	0.252	0.317	1.38506711391071e-214	TSC22D3
1	7.54898333456227e-219	-0.615484487752127	0.997	0.992	1.73468088044906e-214	MT-ND1
1	5.10631233210739e-218	-0.546180045475	0.947	0.971	1.17337951079496e-213	COL6A2
1	6.55087652070753e-218	-0.264299738137187	0.102	0.235	1.50532591569338e-213	DGCR6
1	3.6349151611266e-216	-0.251362634928337	0.07	0.148	8.35267154875281e-212	ACSS2
1	7.10280855055255e-216	-0.773217738134232	0.655	0.746	1.63215437683147e-211	COX7A1
1	1.95510672902151e-214	-0.490908203489886	0.894	0.843	4.49263975261852e-210	MFGE8
1	3.30171178875048e-214	-0.320893146927196	0.845	0.697	7.58700351936973e-210	LEPROT
1	4.79555000479884e-208	-0.427953711953184	0.243	0.326	1.10196943560273e-203	CDKN2C
1	1.43174607782437e-207	-0.672452218481347	0.698	0.748	3.29000931223262e-203	NDUFB1
1	2.59555908316216e-204	-0.605291261460552	0.546	0.649	5.96433521719832e-200	BEST1
1	1.15075033362941e-202	-0.313370861388159	0.125	0.257	2.64430919164701e-198	SLC27A3
1	2.46772379817776e-202	-0.403941298882136	0.106	0.244	5.67058251583267e-198	EPHB6
1	2.20462995453763e-200	-0.69546017445767	1	0.999	5.06601917253203e-196	RPL34
1	3.09560603606201e-200	-0.932387606938825	0.519	0.626	7.11339311026689e-196	CLU
1	6.55360612458593e-199	-0.525932274860352	0.999	0.998	1.5059531513686e-194	RPS28
1	7.82797043082118e-199	-0.300133094363414	0.003	0.145	1.7987893252984e-194	PRKAR2B
1	3.74130370344986e-197	-0.251378102578442	0.719	0.573	8.59714178015743e-193	HMGN3
1	5.86136426533277e-197	-0.477340699317654	0.986	0.943	1.34688289453082e-192	COX6C
1	2.14401056917954e-195	-0.38891434510007	0.938	0.834	4.92672188691767e-191	NDUFB4
1	3.01132120833819e-193	-0.456162144140787	0.994	0.964	6.91971500464034e-189	COX6B1
1	4.4592177430696e-193	-0.795922505345056	0.878	0.883	1.02468364517996e-188	RPL36A
1	4.46944275016461e-189	-0.330836390369951	0.818	0.699	1.02703324956032e-184	CRTAP
1	3.22864981748698e-188	-0.699311700084015	0.79	0.801	7.41911441560334e-184	ATP5I
1	3.30864277169055e-188	-0.275236335381812	0.09	0.207	7.60293022506771e-184	ANGPTL1
1	8.5804967058642e-188	-0.320989860464188	0.873	0.734	1.97171233804053e-183	LSMD1
1	6.04985838361448e-186	-0.259102585371449	0.679	0.519	1.39019695797077e-181	HNRNPH1
1	7.87093937627893e-186	-0.511682311209635	0.459	0.355	1.80866315927513e-181	AGPAT2
1	5.48117390118974e-184	-0.880503778816546	0.521	0.418	1.25951895075439e-179	ADIRF
1	1.8006896351629e-182	-0.315242113432206	0.184	0.25	4.13780471264084e-178	HADH
1	5.10987600443898e-180	-0.341391712137073	0.002	0.178	1.17419840706003e-175	LGALS12
1	1.55189809731973e-176	-0.403541568002895	0.272	0.346	3.56610663783102e-172	PEMT
1	9.87995752434386e-176	-1.1819769609681	0.001	0.454	2.27031543951898e-171	GPD1
1	3.68449834673253e-175	-0.554369573182043	0.536	0.586	8.46660875095668e-171	PGD
1	1.77933540270676e-174	-0.438287038204605	0.306	0.264	4.08873482187986e-170	FADS1
1	6.72580630297501e-174	-0.353538904326353	0.207	0.297	1.54552303036063e-169	AIFM2
1	4.36760085542368e-172	-0.472477202568883	0.999	0.991	1.00363100056781e-167	PTMA
1	1.1958810872752e-171	0.356478440159195	0.207	0.001	2.74801515044969e-167	MMP1
1	7.21749572617058e-170	-0.418908239711437	0.276	0.399	1.65850834291674e-165	MAN1A1
1	7.01458053449571e-168	-0.277191674826894	0.134	0.216	1.61188046102177e-163	HK2
1	3.55490968900362e-167	-0.357967768580578	0.96	0.854	8.16882697436142e-163	ATP5D
1	1.63613645991846e-166	-0.536971013299358	0.946	0.843	3.75967797124662e-162	MTRNR2L8
1	1.37077303721861e-164	-0.315097668518894	0.107	0.227	3.14989936222464e-160	SPRY1
1	9.83708146902991e-163	-0.478930923496465	0.461	0.458	2.26046295076838e-158	SLC25A1
1	1.73005694015663e-161	-0.651201498727835	0.548	0.619	3.97549784278592e-157	PDGFRB
1	3.9766546276933e-158	-0.408404605646818	0.212	0.224	9.13795466897643e-154	PAPPA2
1	4.29414484310127e-158	-0.338908088878308	0.178	0.303	9.8675154349624e-154	BMPER
1	6.71135788552709e-154	-0.250612147455817	0.147	0.251	1.54220292851527e-149	PPARG
1	3.8193951153587e-152	-0.440085409387377	0.334	0.426	8.77658803558277e-148	CAT
1	3.17603250312354e-150	-0.494768159282994	0.389	0.498	7.29820508892758e-146	EIF4EBP2
1	3.69839644298007e-150	-0.253893414904045	0.116	0.221	8.49854518632389e-146	COL18A1
1	6.78683945476657e-148	-0.328122166351972	0.695	0.591	1.55954783831081e-143	FCGRT
1	8.07298289461063e-148	-0.472822204885105	0.884	0.806	1.85509073935258e-143	SQSTM1
1	2.40855806851227e-146	0.318836271545906	0.246	0.002	5.53462558563434e-142	TK1
1	1.54603063153567e-140	-0.454518576412508	0.001	0.23	3.55262378820581e-136	AOC3
1	1.74042516897003e-138	-0.305211444034897	0.647	0.502	3.99932299577623e-134	KLF6
1	2.47266249209488e-138	-0.255129815234452	0.156	0.256	5.68193114058481e-134	TSPAN14
1	4.84161237012527e-135	-0.363593353484801	0.307	0.36	1.11255410653109e-130	CUL4B
1	2.45657362317284e-134	-0.404154930703155	0.087	0.248	5.64496052868887e-130	SEPP1
1	2.29351105148987e-131	-0.535446631682824	1	1	5.27025904521857e-127	RPLP2
1	1.98456887185903e-130	-0.271779786951595	0.182	0.26	4.56034081064486e-126	FZD4
1	9.83185029351178e-129	-0.364100252969396	0.75	0.634	2.25926087894607e-124	HSPG2
1	1.23601906414202e-128	-1.01248005640551	1	0.999	2.84024820749195e-124	RPS27
1	1.94844229363718e-128	-0.504350631849697	0.532	0.543	4.47732554654887e-124	RBPMS
1	3.5548184822331e-127	-0.30233422353121	0.222	0.32	8.16861739032344e-123	TBC1D16
1	1.27477540381774e-121	-0.529901846331528	0.62	0.632	2.92930640043279e-117	TMEM256
1	4.58622401549332e-120	-0.337637460114916	0.774	0.648	1.05386841652021e-115	TMEM45A
1	7.86703060358432e-120	-0.536861347705917	0.614	0.628	1.80776496239764e-115	NDUFA3
1	1.35474914898135e-114	-0.452237240173679	0.001	0.207	3.11307806944424e-110	CILP
1	3.21582853743065e-113	-0.254406676535312	0.751	0.56	7.38965239616188e-109	YWHAG
1	5.30895819201395e-113	-0.280411606344775	0.775	0.648	1.21994550294289e-108	NENF
1	2.53895296853019e-110	-0.263917263177389	0.188	0.278	5.83426002638553e-106	PKDCC
1	1.17271009329316e-101	-0.303268283441012	0.001	0.184	2.69477052337835e-97	APCDD1
1	2.69417704176135e-101	-0.421435414428732	0.957	0.867	6.19094942426341e-97	ATP5J2
1	1.10996705577459e-100	-0.260293989075154	0.233	0.31	2.55059329746443e-96	ZNF90
1	5.69630721234129e-100	-0.343614154348575	0.146	0.244	1.3089544343239e-95	CELF2
1	9.83396678238861e-95	-0.339132766303796	0.742	0.628	2.25974722692508e-90	SPTBN1
1	5.3571429401915e-94	-0.322941917182946	0.879	0.698	1.23101787622661e-89	COX14
1	5.27355055480382e-93	-0.258886486676682	0.546	0.431	1.21180918198837e-88	RBMS1
1	4.87237854069615e-90	-0.590842896317612	0.322	0.401	1.11962386486657e-85	SOX4
1	2.33751206825884e-86	-0.321841102038692	0.671	0.562	5.37136898165199e-82	KRTCAP2
1	4.95145185101863e-86	-0.39422865519345	0.001	0.212	1.13779412084557e-81	AQP7
1	5.94973562405408e-86	-0.261614719537655	0.631	0.507	1.36718974905139e-81	EIF5B
1	8.98521757275754e-86	-0.304087191086245	0.171	0.262	2.06471314604396e-81	HTRA3
1	7.21392968075966e-85	-0.411469817948062	0.382	0.469	1.65768890134176e-80	DPM3
1	1.41113231064429e-84	-0.359527287999799	0.301	0.378	3.24264093662952e-80	PTPRG
1	1.07005243892617e-83	-0.731600261864176	0.991	0.953	2.45887349940844e-79	DCN
1	4.18316456850583e-82	-0.342990522626506	0.712	0.587	9.61249386196955e-78	HADHA
1	3.20715423691851e-81	-1.01094117775342	0	0.401	7.36971972101505e-77	PLIN1
1	1.78432182793383e-80	-0.315655931392232	0.579	0.47	4.10019312840914e-76	MCL1
1	2.1722725184869e-80	-0.425111800122119	0.381	0.46	4.99166502023104e-76	EBF1
1	9.00079878525659e-80	-0.391752580539648	0.891	0.765	2.06829355286411e-75	NDUFA2
1	1.12870853360827e-79	-0.73669717151547	0.959	0.925	2.59365933937845e-75	UQCR11.1
1	2.00676244651842e-77	-0.569557344433114	0.64	0.636	4.61133942585469e-73	GBE1
1	2.29789853501355e-77	-0.253028328844123	0.569	0.463	5.28034104360764e-73	PIN4
1	1.81065493167122e-75	-0.420001881156409	0.929	0.831	4.16070396748729e-71	NDUFA11
1	2.00773461164497e-75	-0.774540769431272	0.625	0.692	4.61357336409898e-71	EGR1
1	2.55402611496901e-72	-0.340496103179161	0.741	0.628	5.8688966095873e-68	MPST
1	1.11829984329919e-71	-0.286894226175354	0.556	0.427	2.56974120991722e-67	CTNNB1
1	5.4830911629931e-71	-0.368234040103826	0.321	0.383	1.25995951834418e-66	REV3L
1	1.42078422843417e-69	-0.475801110611922	0.949	0.868	3.26482007851887e-65	USMG5
1	2.25079948308962e-69	-0.463862622294099	0.932	0.858	5.17211213219164e-65	MYEOV2
1	7.6581659895379e-69	-0.277314757662992	0.201	0.269	1.75976996273591e-64	EBF2
1	1.32843068836619e-68	-0.271476397908695	0.218	0.296	3.05260087879666e-64	WASF3
1	3.05972294837288e-68	-0.451698023593138	0.8	0.737	7.03093736306605e-64	CD81
1	3.0860989041737e-65	-0.477152861021198	0.502	0.588	7.09154667190074e-61	C4orf48
1	9.32625603013985e-62	-0.311017413808387	0.717	0.539	2.14308037316584e-57	ACADVL
1	2.832751591993e-60	-0.312463189343528	0.856	0.656	6.50937988324071e-56	TIMM8B
1	2.3048173947604e-59	-0.335316307713438	0.233	0.312	5.29623989141992e-55	SESTD1
1	5.46308824281919e-59	-0.279466088066823	0.301	0.285	1.25536304731742e-54	VKORC1L1
1	1.59268997322531e-58	-0.422810550106392	0.446	0.377	3.65984228947444e-54	INSIG1
1	5.06053849195473e-58	-0.609873124537886	0.996	0.989	1.16286114006628e-53	ATP5E
1	9.20848101747399e-58	-0.289315590469699	0.224	0.297	2.11601685300535e-53	TTC39C
1	2.75881852783839e-57	-0.797358741121137	0.862	0.859	6.33948909511982e-53	COL6A3
1	3.70152747501674e-57	-0.603502164301671	0.637	0.636	8.50573998484096e-53	DUSP1
1	1.96297359969564e-56	-0.272164946042692	0.274	0.316	4.5107170347406e-52	HIPK2
1	2.17652096978575e-54	-0.275554420094767	0.231	0.303	5.00142753647068e-50	PET100
1	7.77700182926004e-54	-0.254885010192522	0.573	0.5	1.78707725034567e-49	SOD3
1	2.17378045824579e-53	-0.256264889151542	0.25	0.277	4.99513011500299e-49	ZNF703
1	1.28675972213364e-52	-0.369534013904322	0.78	0.676	2.9568451654909e-48	COL4A2
1	4.67241277991314e-52	-0.257643062919606	0.228	0.269	1.07367373269624e-47	DHCR24
1	2.23508459572197e-50	-0.272972584944651	0.532	0.423	5.13600089250951e-46	FGFR1
1	4.85490835040229e-49	-0.48505861795034	0.554	0.525	1.11560938983894e-44	RHOB
1	1.48778191952257e-48	-0.572456090074981	0.504	0.554	3.41877407287091e-44	ZFP36L2
1	1.50095764783191e-48	-0.627634374566308	0.994	0.986	3.44905057895294e-44	RPL38
1	9.794015784677e-48	-0.30090535117654	0	0.136	2.25056688716093e-43	THRSP
1	7.17276871433971e-47	-0.633104785683509	0.266	0.278	1.64823052286812e-42	MTRNR2L1
1	3.3577123098421e-45	-0.794079408874742	0.845	0.804	7.71568711678615e-41	PLIN2
1	1.44453312177378e-44	-0.466223985568184	0.263	0.319	3.31939266052396e-40	CTSK
1	2.33436224604297e-44	-0.335157565506729	0.653	0.55	5.36413100518214e-40	LAMA4
1	4.16011452411508e-44	-0.266461470148616	0.473	0.399	9.55952716496404e-40	JUND
1	3.10497850676516e-43	-0.592960215479508	0.974	0.946	7.13493011069567e-39	PSAP
1	1.14029782751482e-42	-0.262753375335735	0.273	0.299	2.62029037784631e-38	C1GALT1C1
1	1.52343819545699e-42	-0.281370709276185	0.453	0.377	3.50070862934061e-38	TNRC6B
1	3.50420639290491e-41	-0.583959776513941	0.859	0.858	8.05231587025619e-37	C1S
1	4.71444766946073e-41	-0.277420231293207	0.55	0.462	1.08333292996538e-36	DDX24
1	2.95700548416477e-40	-0.449479959524153	0	0.174	6.79490290206222e-36	HP
1	3.70155657869312e-39	-0.773397358338772	0.996	0.996	8.50580686217891e-35	MT-ND2
1	1.22828492082571e-36	-0.33936735115538	0.779	0.609	2.8224759195654e-32	MDH1
1	5.17201027578011e-36	-0.294847884820426	0.607	0.521	1.18847624127151e-31	ANXA6
1	2.31722056602138e-35	-0.482384332059252	0.644	0.632	5.32474113866052e-31	NDUFA13
1	7.42897422349229e-35	-0.663979600298116	0.736	0.756	1.70710398681629e-30	COL4A1
1	8.72838351316544e-34	-0.297407075890816	0.534	0.424	2.00569524749029e-29	ASS1
1	4.11208493391285e-33	-0.589671535426057	0.867	0.793	9.44915996963835e-29	COX6A1
1	6.32866150140415e-33	-0.328917048545233	0.404	0.384	1.45426312640766e-28	OAF
1	3.14508995351983e-32	-0.267733052265104	0.238	0.27	7.22710220419321e-28	NNT
1	6.59959251600355e-30	-0.329559057744301	0.309	0.358	1.51652036425245e-25	ZEB2
1	1.67151705101882e-27	-0.310348117265867	0.469	0.394	3.84097903153614e-23	ZEB1
1	3.12260839872642e-27	-0.256443156875206	0.342	0.296	7.17544183943343e-23	CS
1	9.15736713909419e-27	-0.459578769315855	0.915	0.797	2.10427139489245e-22	DDT
1	1.25014438023902e-26	-0.290856742328272	0.298	0.332	2.87270677135125e-22	FOXN3
1	1.63282761585923e-26	-0.273115034205798	0.418	0.369	3.75207457848293e-22	FAM198B
1	3.58031459216655e-26	-0.371461918698329	0.344	0.371	8.22720490133951e-22	MTURN
1	2.74901937650949e-25	-0.2697183435936	0.176	0.22	6.31697162528115e-21	ANG
1	8.93165430037626e-25	-0.319618506873967	0.692	0.528	2.05240484168346e-20	SPTSSA
1	9.11349672965938e-25	-0.4358250052915	0.808	0.733	2.09419041350843e-20	ROMO1
1	4.70434525834365e-24	-0.291334984410939	0.59	0.446	1.08101149691479e-19	MYC
1	1.20950441195786e-23	-0.472201223845251	0.568	0.587	2.77932018823797e-19	NFIA
1	3.35285032611556e-23	-0.467336582173381	0.624	0.61	7.70451476438093e-19	LINC00116
1	1.16409973401035e-22	-0.779654043753824	0.994	0.984	2.67498477878238e-18	POLR2L
1	3.0857143974525e-22	-0.285781845538488	0.318	0.288	7.09066311390609e-18	CBR3
1	3.23670866498016e-22	-0.270036803914471	0.179	0.216	7.4376328412579e-18	TMEM59L
1	3.92459683617763e-22	-0.298288705595978	0.655	0.516	9.01833106985258e-18	GCSH
1	1.82371861669159e-21	-0.380717545845915	0.643	0.545	4.19072300929561e-17	MMP14
1	2.50264724304187e-21	-0.409817536220961	0.784	0.67	5.75083309978592e-17	PRKAR1A
1	2.78913181255454e-21	-0.397799418788685	0.826	0.706	6.40914599206909e-17	MINOS1
1	1.36784662040998e-20	-0.328590772245132	0.334	0.366	3.1431747490401e-16	PHLDB1
1	1.69592593780297e-20	-0.84676245562454	0.991	0.971	3.89706821247744e-16	MFAP5
1	3.72704150355213e-20	-0.25297922608608	0.498	0.384	8.56436867101244e-16	NUDT4
1	8.39907138113882e-19	-0.2655029121531	0.219	0.26	1.93002261267189e-14	IL11RA
1	1.56861800356527e-18	-0.257817818393326	0.499	0.496	3.60452731039264e-14	MRPL23
1	1.69470260334234e-18	-0.305812726337759	0.289	0.335	3.89425711222037e-14	LAMB1
1	8.03809329378296e-17	-0.896031029769472	0.826	0.869	1.84707345797839e-12	FOS
1	1.51277627606499e-16	-0.528515834557726	0.76	0.728	3.47620860476973e-12	CYBRD1
1	7.12503209760598e-16	-0.319035720285519	0.428	0.354	1.63726112570888e-11	NDRG1
1	4.30319573079932e-15	-0.382243245039792	0.367	0.406	9.88831346980375e-11	ZCCHC24
1	2.04503032005506e-14	-0.528876489595692	0.922	0.848	4.69927517245453e-10	NDUFA1
1	3.37446985050687e-14	-0.455231020083883	0.675	0.567	7.75419426947974e-10	MTRNR2L10
1	1.98810440627939e-13	-0.29402297397631	0.435	0.402	4.5684651151894e-09	CEBPB
1	2.58447196897948e-13	-0.531361654109859	0.869	0.775	5.93885813751795e-09	NDUFC2
1	3.22323460972782e-13	-0.425059800745717	0.574	0.502	7.40667080969356e-09	FBLN1
1	6.37113824821181e-13	-0.519404393830916	0.831	0.783	1.46402385805659e-08	SEC62
1	7.46303812425138e-13	-0.38128366794022	0.629	0.576	1.71493153057172e-08	SON
1	9.00490569808987e-13	-0.404047755610066	0.342	0.392	2.06923728036407e-08	PCDH18
1	6.52643461977044e-12	-0.468242351900861	0.898	0.785	1.49970941127705e-07	ETFB
1	3.0839195025292e-11	-0.634763620411925	0.724	0.699	7.08653862486184e-07	MFAP4
1	5.78530385933959e-11	-0.410232656552951	0.655	0.624	1.32940497383764e-06	HIST1H4C
1	1.21863752946356e-10	-0.676963116478016	0.993	0.988	2.80030717895432e-06	RPS29
1	1.33435563793071e-10	-0.264092442305019	0.437	0.392	3.06621582040098e-06	ALDH2
1	5.46259841142862e-10	-0.47531263078913	0.886	0.792	1.25525048896218e-05	SLIRP
1	3.51609671113617e-09	-0.257651264720253	0.301	0.272	8.07963863251981e-05	HNMT
1	1.01637655575599e-08	-0.743420988593146	0.785	0.857	0.000233553168747168	C1R
1	5.59562740722051e-08	-0.274520974494496	0.253	0.254	0.0012858192219052	MTRNR2L12
1	7.36969679870277e-08	-0.57677956016718	0.67	0.728	0.00169348262737391	PPAP2B
1	2.68436927856629e-07	-0.255524261864805	0.252	0.275	0.00616841216521747	CTSF
1	2.94049358922515e-07	-0.295581188080661	0.585	0.479	0.00675696021868047	PTEN
1	1.72466796057393e-06	-0.921060606782063	0.946	0.912	0.0396311450660284	PLAC9
2	0	3.93844177693975	0.996	0.006	0	FABP4
2	0	3.67081710186369	0.998	0.427	0	CFD
2	0	3.18930227657604	0.834	0.444	0	MT1X
2	0	3.06450665953767	0.835	0.027	0	APOE
2	0	2.77606490505705	0.913	0.307	0	GPX3
2	0	2.53082658400069	0.986	0.756	0	GSN
2	0	2.16756675201377	0.929	0.694	0	MGP
2	0	2.12828851956143	0.601	0.242	0	SCD
2	0	2.08000521419613	0.817	0.418	0	G0S2
2	0	2.07270455154117	0.911	0.949	0	MT2A
2	0	1.98729982252412	0.597	0.085	0	APOD
2	0	1.88554509737989	0.703	0.394	0	FABP5
2	0	1.86592662667028	0.962	0.623	0	SERPINF1
2	0	1.78948520447481	0.963	0.59	0	IGFBP5
2	0	1.75369811594983	0.94	0.356	0	ADH1B
2	0	1.59104701595499	0.792	0.206	0	AKR1C1
2	0	1.5272135745193	0.676	0.013	0	CIDEC
2	0	1.52252571580772	0.998	0.997	0	MGST1
2	0	1.45492384791058	0.997	0.999	0	CST3
2	0	1.44748185411248	0.75	0.752	0	MT1E
2	0	1.43036237524425	0.795	0.299	0	NID1
2	0	1.40433894588961	0.291	0.013	0	SAA1
2	0	1.39171665519479	0.479	0.12	0	PTGDS
2	0	1.35801706902662	0.939	0.732	0	SERPING1
2	0	1.346155760875	0.956	0.793	0	MT-ND3
2	0	1.29327866086114	0.861	0.662	0	SRPX
2	0	1.26878269200826	0.947	0.9	0	SAT1
2	0	1.24643327518482	0.949	0.951	0	MMP2
2	0	1.24115866864175	0.834	0.789	0	CYB5A
2	0	1.22681571463102	0.646	0.051	0	AKR1C2
2	0	1.12514894849974	0.241	0.05	0	IGF2
2	0	1.09448604407572	0.453	0.163	0	MT1M
2	0	1.05841625429577	0.836	0.801	0	BTG1
2	0	1.05607512965292	0.919	0.895	0	HSPB6
2	0	1.04815032751475	0.515	0.006	0	PDK4
2	0	1.03168030071754	0.506	0.019	0	RASD1
2	0	1.03057678301091	0.907	0.952	0	DBI
2	0	1.00618127743705	0.324	0.055	0	RBP4
2	0	1.00294546080875	0.577	0.481	0	PNPLA2
2	0	0.985925973387481	0.722	0.647	0	PLA2G16
2	0	0.970300372009676	0.503	0.053	0	RAMP2
2	0	0.969424165700415	0.957	0.991	0	PRDX6
2	0	0.940129374649524	0.717	0.625	0	PDLIM1
2	0	0.883126688348822	0.624	0.507	0	MARCKSL1
2	0	0.876681585017448	0.677	0.393	0	EPHX1
2	0	0.86195608144163	0.365	0.137	0	FASN
2	0	0.852293547801716	0.631	0.425	0	GLUL
2	0	0.849013519989195	0.714	0.455	0	AKR1C3
2	0	0.843556053081175	0.418	0.013	0	ACACB
2	0	0.842066022403149	0.462	0.337	0	CHCHD10
2	0	0.837139371651588	0.365	0.019	0	HSD11B1
2	0	0.83132771968026	0.285	0.06	0	DPT
2	0	0.808204609284079	0.603	0.544	0	STOM
2	0	0.799255092448049	0.71	0.705	0	DCXR
2	0	0.79615397985936	0.465	0.114	0	PLTP
2	0	0.737767853612188	0.71	0.596	0	AC009501.4
2	0	0.730653048866688	0.384	0.146	0	ACSL1
2	0	0.72742337951115	0.2	0.027	0	MT1G
2	0	0.681727361621396	0.529	0.21	0	TGFBR3
2	0	0.645865322743223	0.379	0.141	0	SFRP1
2	0	0.637866058637881	0.28	0.029	0	UCP2
2	0	0.63551079843886	0.218	0.006	0	CPB1
2	0	0.62662825025911	0.444	0.177	0	GAS1
2	0	0.625302464017209	0.288	0.035	0	IGF1
2	0	0.59605245800972	0.316	0.082	0	CRISPLD2
2	0	0.562706684327704	0.342	0.06	0	PRELP
2	0	0.562361278381262	0.409	0.155	0	CSAD
2	0	0.549623341670159	0.318	0.027	0	SCARA5
2	0	0.538805802550102	0.246	0.067	0	MT1A
2	0	0.53750045422704	0.442	0.185	0	SELENBP1
2	0	0.528572329156553	0.389	0.05	0	METTL7A
2	0	0.523739173601956	0.356	0.134	0	FXYD1
2	0	0.512210322111506	0.32	0.128	0	RDH5
2	0	0.504687593938519	0.34	0.039	0	RASSF4
2	0	0.504680263394943	0.184	0.03	0	APOC1
2	0	0.495252760108439	0.983	0.999	0	IFITM3
2	0	0.487313947791069	0.23	0.006	0	FIGF
2	0	0.485301186412507	0.204	0.015	0	LIPE
2	0	0.479879163190327	0.994	0.996	0	GPX4
2	0	0.47735677995022	0.995	0.998	0	RPL37
2	0	0.468705433596336	0.378	0.242	0	TSKU
2	0	0.467667390657279	0.99	0.998	0	MT-ATP6
2	0	0.463231941737802	0.988	0.997	0	RPS26
2	0	0.461983297192765	0.281	0.106	0	LEPR
2	0	0.458378160453932	0.321	0.018	0	FKBP5
2	0	0.456562296885433	0.995	0.993	0	NEAT1
2	0	0.455066215422296	0.998	1	0	RPL31
2	0	0.454516897421725	1	1	0	FTH1
2	0	0.454160628250791	0.238	0.086	0	TIMP4
2	0	0.448550411848911	0.94	0.992	0	FSTL1
2	0	0.447468444107886	0.935	0.975	0	TMEM258
2	0	0.441276615113869	0.314	0.119	0	LAMA2
2	0	0.440102972426876	0.999	1	0	RPL36
2	0	0.429498256200725	0.227	0.012	0	IL17RE
2	0	0.4292420377929	0.973	0.99	0	COL6A1
2	0	0.42662031875486	0.198	0.01	0	IGFBP2
2	0	0.426120529400042	0.194	0.045	0	DGAT2
2	0	0.424518993815693	0.949	0.985	0	RPL17
2	0	0.411610068867687	0.176	0.022	0	C11orf96
2	0	0.411323314241975	0.289	0.046	0	MME
2	0	0.410151298689754	0.903	0.959	0	NBEAL1
2	0	0.407732279246849	0.977	0.993	0	TMA7
2	0	0.405320983882378	0.308	0.051	0	CCDC69
2	0	0.401654489639681	0.329	0.171	0	IL17RC
2	0	0.399902440905272	0.192	0.009	0	CHI3L2
2	0	0.397155686389458	0.296	0.104	0	AOX1
2	0	0.372465639860757	0.997	0.999	0	RPS15A
2	0	0.368118816476604	1	0.999	0	MT-CO3
2	0	0.364872573932464	0.932	0.987	0	UBL5
2	0	0.35845292242181	0.972	0.994	0	TOMM7
2	0	0.358262300116443	0.959	0.989	0	COMMD6
2	0	0.357911508397747	0.255	0.05	0	NR1H3
2	0	0.35538373274614	0.236	0.027	0	LMO3
2	0	0.351752390611969	0.999	1	0	RPS15
2	0	0.349063524283027	0.873	0.966	0	MRPS21
2	0	0.348586582291636	0.999	1	0	RPL21
2	0	0.342355328441807	0.911	0.982	0	NDUFB2
2	0	0.342326731181816	0.201	0.044	0	ACSL5
2	0	0.338184441348969	0.999	1	0	RPS8
2	0	0.331136136723787	0.233	0.072	0	ITGA7
2	0	0.328295994175227	0.84	0.937	0	GLTSCR2
2	0	0.32758188801344	0.832	0.93	0	LAMC1
2	0	0.326688427033076	0.927	0.987	0	SNRPD2
2	0	0.316018154427534	0.159	0.012	0	HPD
2	0	0.309129610262523	0.242	0.075	0	GCHFR
2	0	0.307775231145283	0.674	0.825	0	ZFP36L1
2	0	0.307646215163636	0.997	1	0	RPL12
2	0	0.3010582810677	0.735	0.85	0	S100A4
2	0	0.299933177095576	0.782	0.916	0	MT-ND5
2	0	0.298466228952506	0.871	0.982	0	MGST3
2	0	0.297547331249518	1	1	0	FTL
2	0	0.295082737143075	0.998	0.999	0	FAU
2	0	0.292846434646448	0.972	0.996	0	RPS21
2	0	0.291804445378027	0.994	0.999	0	COX4I1
2	0	0.284994407164093	0.998	1	0	RPL35A
2	0	0.284794626942476	0.816	0.948	0	TIMP2
2	0	0.283711433584149	0.966	0.996	0	ATP5L
2	0	0.281957922356942	0.952	0.995	0	NGFRAP1
2	0	0.279729341327002	0.804	0.957	0	SERBP1
2	0	0.279296811867228	0.694	0.849	0	BLOC1S1
2	0	0.278860126363591	0.998	0.999	0	MT-CYB
2	0	0.277382859069471	1	1	0	RPS19
2	0	0.275847870317645	0.897	0.98	0	UQCRB
2	0	0.275520794126797	0.952	0.99	0	UBC
2	0	0.274321179408215	0.999	1	0	RPL35
2	0	0.264717517173481	0.848	0.954	0	EIF4A2
2	0	0.26272321991442	1	1	0	MT-CO1
2	0	0.262558631715392	0.996	1	0	UBA52
2	0	0.25508732831229	1	1	0	RPL41
2	0	0.251361701203827	0.644	0.764	0	GNG11
2	0	0.250816469627283	0.754	0.922	0	BZW1
2	0	0.250009462213167	0.999	1	0	RPS25
2	0	-0.250514976217206	0.368	0.821	0	EIF1B
2	0	-0.250846552124786	0.436	0.86	0	PSMB2
2	0	-0.251196157290527	0.886	0.995	0	SUMO2
2	0	-0.251562027290546	0.222	0.664	0	CCPG1
2	0	-0.251839340971649	0.319	0.775	0	MRPL17
2	0	-0.252591282245562	0.67	0.968	0	BAX
2	0	-0.252827714233369	0.304	0.765	0	SEC61A1
2	0	-0.252985652439252	0.177	0.621	0	BAG2
2	0	-0.253333054579535	0.224	0.671	0	MSN
2	0	-0.25349516233896	0.058	0.429	0	GDF15
2	0	-0.253715422522343	0.334	0.792	0	PPP1CA
2	0	-0.25397073137661	0.046	0.473	0	PRR16
2	0	-0.254782113986157	0.414	0.875	0	MMADHC
2	0	-0.254787915217431	0.105	0.425	0	RGS4
2	0	-0.255929120974715	0.287	0.754	0	CISD2
2	0	-0.256224265761311	0.295	0.761	0	KXD1
2	0	-0.256560840623575	0.59	0.939	0	MXRA8
2	0	-0.25714212831605	0.087	0.531	0	TARS
2	0	-0.257316146531233	0.047	0.436	0	TMEM106C
2	0	-0.257376252830533	0.682	0.962	0	C7orf73
2	0	-0.257659005274238	0.249	0.722	0	ARL3
2	0	-0.257714067702503	0.279	0.745	0	ANKRD11
2	0	-0.258205097878558	0.442	0.859	0	HDDC2
2	0	-0.2589546998154	0.836	0.987	0	MZT2B
2	0	-0.259065665933039	0.899	0.995	0	EIF3F
2	0	-0.259592267692536	0.413	0.851	0	SELT
2	0	-0.260674489692011	0.056	0.417	0	TMEM200A
2	0	-0.261696067276937	0.105	0.543	0	PGM3
2	0	-0.262134657092102	0.135	0.585	0	TSEN15
2	0	-0.262177825744619	0.555	0.899	0	SRSF3
2	0	-0.262196839203073	0.387	0.846	0	MYL6B
2	0	-0.262544775751832	0.378	0.823	0	KPNB1
2	0	-0.26269040304365	0.54	0.926	0	GSTO1
2	0	-0.26283563206478	0.159	0.535	0	MDK
2	0	-0.263367921746455	0.094	0.503	0	PSMB9
2	0	-0.263501754275782	0.625	0.946	0	PSMD8
2	0	-0.263513041209643	0.45	0.878	0	RER1
2	0	-0.263959117435812	0.321	0.799	0	TXNL1
2	0	-0.264589120352691	0.712	0.955	0	SNHG8
2	0	-0.264902798862556	0.011	0.294	0	HSPB7
2	0	-0.265135786274683	0.582	0.951	0	VDAC1
2	0	-0.265175599339635	0.342	0.818	0	PRAF2
2	0	-0.265390045413971	0.693	0.977	0	CD151
2	0	-0.265534543127112	0.358	0.823	0	MEA1
2	0	-0.265568140982327	0.377	0.834	0	FKBP11
2	0	-0.266310110429898	0.01	0.21	0	HAPLN1
2	0	-0.266360541872531	0.764	0.982	0	PTRF
2	0	-0.26675957103092	0.185	0.682	0	RALA
2	0	-0.267537028610124	0.524	0.92	0	STRAP
2	0	-0.267537118346933	0.551	0.93	0	DYNLRB1
2	0	-0.267697588018537	0.26	0.754	0	RGS10
2	0	-0.268474043518469	0.153	0.641	0	CASP4
2	0	-0.268626568176409	0.104	0.451	0	LINC01116
2	0	-0.26869314146064	0.216	0.695	0	COL12A1
2	0	-0.269470448759383	0.354	0.808	0	COPZ1
2	0	-0.269711196860222	0.01	0.293	0	PSG5
2	0	-0.270195060323105	0.041	0.429	0	DPP4
2	0	-0.270484505839778	0.339	0.802	0	PSMA5
2	0	-0.270596475981902	0.323	0.868	0	MIR4435-1HG
2	0	-0.270629714355644	0.041	0.188	0	KRT14
2	0	-0.270788789098697	0.446	0.89	0	UBE2D2
2	0	-0.271566816301588	0.263	0.732	0	MSRB3
2	0	-0.272308447099732	0.069	0.525	0	YDJC
2	0	-0.272316948804906	0.339	0.809	0	ANXA7
2	0	-0.272453331195356	0.274	0.8	0	CHIC2
2	0	-0.27250971682916	0.453	0.879	0	MZT2A
2	0	-0.274678804401739	0.419	0.845	0	ARHGDIA
2	0	-0.274757593287515	0.114	0.541	0	PRRX2
2	0	-0.274874898850786	0.68	0.969	0	TRAPPC1
2	0	-0.274895833021449	0.016	0.416	0	RP5-1172A22.1
2	0	-0.275620591083238	0.413	0.877	0	SH3GLB1
2	0	-0.275945108116231	0.343	0.848	0	LRP10
2	0	-0.276200374766188	0.407	0.863	0	CIB1
2	0	-0.276337000769908	0.272	0.761	0	TPD52L2
2	0	-0.276966120132267	0.137	0.566	0	AEBP1
2	0	-0.277438611450068	0.334	0.799	0	ETHE1
2	0	-0.278237864596427	0.376	0.831	0	MTCH1
2	0	-0.278436734896225	0.125	0.593	0	GIPC1
2	0	-0.278638747826634	0.998	0.999	0	RPL9
2	0	-0.278653162255541	0.315	0.797	0	IFT20
2	0	-0.278792447527803	0.429	0.866	0	C11orf73
2	0	-0.279049015746636	0.998	1	0	RPL8
2	0	-0.279056661179097	0.344	0.818	0	UBE2V2
2	0	-0.279155509304176	0.204	0.697	0	PROCR
2	0	-0.27916953985272	0.725	0.975	0	RSL24D1
2	0	-0.280165592404874	0.258	0.71	0	NANS
2	0	-0.280225683581209	0.028	0.423	0	RAB3B
2	0	-0.281003398214023	0.624	0.945	0	NHP2
2	0	-0.2815631919268	0.515	0.927	0	COMT
2	0	-0.281888949018519	0.458	0.905	0	PCNP
2	0	-0.282548379707423	0.239	0.731	0	MAP1A
2	0	-0.282737014278666	0.271	0.736	0	PERP
2	0	-0.282919232014424	0.357	0.838	0	EIF4E2
2	0	-0.283417069975534	0.108	0.556	0	PLAUR
2	0	-0.283453555154736	0.245	0.73	0	IARS
2	0	-0.283546507026578	0.245	0.722	0	FKBP9
2	0	-0.28419534974052	0.327	0.777	0	YWHAH
2	0	-0.28425187353848	0.586	0.939	0	PSMA4
2	0	-0.284294406912779	0.247	0.692	0	ACTN4
2	0	-0.284793129379368	0.136	0.554	0	ARL4D
2	0	-0.284969286635368	0.184	0.675	0	LRRFIP1
2	0	-0.285193646716913	0.537	0.928	0	LMAN2
2	0	-0.285337581765434	0.054	0.444	0	OCIAD2
2	0	-0.285352527231095	0.171	0.634	0	ADAM10
2	0	-0.285517583294639	0.462	0.902	0	C1orf43
2	0	-0.285595712883298	0.222	0.662	0	CTSZ
2	0	-0.285696880397328	0.733	0.983	0	NHP2L1
2	0	-0.285908450392049	0.998	1	0	RPL15
2	0	-0.286243585328599	0.332	0.788	0	HCFC1R1
2	0	-0.286537514950796	0.132	0.618	0	COMMD7
2	0	-0.286755453875975	0.277	0.789	0	BCAT1
2	0	-0.286921317679827	0.039	0.431	0	SCN9A
2	0	-0.287247257024143	0.194	0.679	0	PLOD1
2	0	-0.287323201035673	0.781	0.988	0	TMED2
2	0	-0.288431516750522	0.61	0.938	0	CALM1
2	0	-0.289205775155063	0.458	0.884	0	GNG12
2	0	-0.289345339468217	0.454	0.831	0	CTTN
2	0	-0.289442881784961	0.098	0.576	0	MTHFD1L
2	0	-0.290184708274107	0.4	0.869	0	SNX6
2	0	-0.290335609708515	0.196	0.576	0	PHLDA1
2	0	-0.29054046313595	0.192	0.689	0	RECK
2	0	-0.291070779839122	0.231	0.739	0	TSEN34
2	0	-0.291958691916412	0.315	0.748	0	PLOD2
2	0	-0.292738784758973	0.033	0.356	0	MAP3K7CL
2	0	-0.293994622621507	0.238	0.71	0	PTS
2	0	-0.294208731492144	0.583	0.93	0	PGLS
2	0	-0.294209460160615	0.23	0.751	0	TADA3
2	0	-0.295181568799611	0.668	0.974	0	SF3B14
2	0	-0.29524509637548	0.115	0.616	0	MYOF
2	0	-0.296508154134347	0.672	0.923	0	PCOLCE
2	0	-0.296663295645369	0.865	0.995	0	SEC61B
2	0	-0.296812176821864	0.685	0.972	0	HSBP1
2	0	-0.297132886668859	0.127	0.632	0	FAP
2	0	-0.298954080209496	0.246	0.679	0	CSRP1
2	0	-0.299130790653667	0.995	1	0	RPL4
2	0	-0.300203998944526	0.564	0.942	0	TMEM219
2	0	-0.301222221533096	0.146	0.613	0	CTNNAL1
2	0	-0.301759800579389	0.141	0.6	0	ALCAM
2	0	-0.302151559574236	0.24	0.641	0	DKK1
2	0	-0.303106159723274	0.179	0.68	0	DTD1
2	0	-0.303544483120507	0.21	0.664	0	EBNA1BP2
2	0	-0.304455815071762	0.128	0.63	0	CEBPG
2	0	-0.305559029617756	0.578	0.947	0	TRAM1
2	0	-0.305828953282688	0.023	0.479	0	EVA1A
2	0	-0.306108213231317	0.177	0.685	0	XPOT
2	0	-0.307172626711514	0.007	0.347	0	TINAGL1
2	0	-0.307246202166099	0.522	0.929	0	DGUOK
2	0	-0.307263326321463	0.393	0.858	0	SMS
2	0	-0.307329166566255	0.627	0.959	0	YWHAB
2	0	-0.307558574923574	0.943	0.999	0	PPIA
2	0	-0.307777362611272	0.059	0.486	0	RP11-65J3.1
2	0	-0.307963805338112	0.375	0.832	0	TPM3
2	0	-0.308185639129356	0.296	0.8	0	TFG
2	0	-0.308326843050616	0.438	0.868	0	GTF3A
2	0	-0.30907217733702	0.223	0.688	0	ATP2B1
2	0	-0.309237138427875	0.246	0.747	0	GANAB
2	0	-0.309823353019433	0.144	0.608	0	UGCG
2	0	-0.310013734825709	0.996	1	0	TPT1
2	0	-0.310100889364289	0.565	0.936	0	COPZ2
2	0	-0.310313636462024	0.433	0.892	0	ACP1
2	0	-0.310665230002814	0.536	0.935	0	SEP15
2	0	-0.310889071934306	0.623	0.966	0	POLD4
2	0	-0.311591193244103	0.431	0.889	0	SUMO3
2	0	-0.312161361381602	0.088	0.515	0	TNXB
2	0	-0.313289402111313	0.138	0.381	0	MOXD1
2	0	-0.31363248582143	0.374	0.865	0	PPP1R14B
2	0	-0.314370325538437	0.577	0.945	0	TCEB1
2	0	-0.314888462709377	0.719	0.981	0	HSPA8
2	0	-0.314911647283503	0.726	0.985	0	UBE2D3
2	0	-0.315496262952021	0.04	0.335	0	MALL
2	0	-0.316058753055984	0.461	0.916	0	ARF5
2	0	-0.316557773381994	0.401	0.894	0	DDAH2
2	0	-0.316702715724522	0.503	0.879	0	PGRMC2
2	0	-0.318256090207911	0.172	0.598	0	TP53I11
2	0	-0.318815259260716	0.293	0.781	0	TUBA1A
2	0	-0.319091844201706	0.248	0.726	0	GLS
2	0	-0.319160324425602	0.393	0.86	0	GTF3C6
2	0	-0.320442011237464	0.385	0.844	0	LMAN1
2	0	-0.321045735028377	0.342	0.825	0	RRBP1
2	0	-0.32201613062105	0.919	0.999	0	CCDC80
2	0	-0.322228920347291	0.678	0.967	0	SSR3
2	0	-0.323069029855597	0.332	0.827	0	GNAI2
2	0	-0.324392305898683	0.313	0.811	0	AP1S1
2	0	-0.326379374195227	0.593	0.963	0	ERP29
2	0	-0.32651108681593	0.597	0.956	0	AHNAK
2	0	-0.326596713886429	0.517	0.925	0	MMP24-AS1
2	0	-0.327253497821126	0.628	0.958	0	COPE
2	0	-0.327469063188241	0.547	0.941	0	SRP9
2	0	-0.327476707107876	0.051	0.553	0	LIMS2
2	0	-0.327706908189606	0.439	0.892	0	TXNL4A
2	0	-0.32771455386662	0.059	0.545	0	SH2D4A
2	0	-0.329064163569359	0.22	0.737	0	ADAM9
2	0	-0.329475893114954	0.472	0.889	0	HLA-B
2	0	-0.330329152723516	0.935	0.998	0	CHCHD2
2	0	-0.330676002375897	0.134	0.641	0	NT5E
2	0	-0.330754597942439	0.023	0.275	0	SBSPON
2	0	-0.330817353860269	0.236	0.748	0	ENAH
2	0	-0.331643036524701	0.322	0.793	0	RPN2
2	0	-0.331954800754872	0.286	0.753	0	MANF
2	0	-0.332036498056654	0.148	0.583	0	LTBP1
2	0	-0.333152089693312	0.681	0.963	0	HLA-A
2	0	-0.335889676902484	0.277	0.744	0	LRRC59
2	0	-0.336418646601302	0.996	1	0	MYL6
2	0	-0.336613764671675	1	1	0	EEF1A1
2	0	-0.337828059665723	0.98	0.999	0	RPSA
2	0	-0.338392611609725	0.187	0.701	0	MAGED1
2	0	-0.338957164639217	0.172	0.653	0	LGMN
2	0	-0.339043212831066	0.358	0.88	0	PFDN4
2	0	-0.339573830630773	0.593	0.948	0	EIF3I
2	0	-0.339744022648556	0.373	0.877	0	ANXA11
2	0	-0.340925088608933	0.032	0.297	0	KRT19
2	0	-0.341151114262262	0.486	0.925	0	RCN1
2	0	-0.341755216112817	0.334	0.847	0	FAM114A1
2	0	-0.342316101267181	0.424	0.9	0	PRR13
2	0	-0.342593090348557	0.376	0.865	0	DDOST
2	0	-0.34306391275545	0.603	0.925	0	EIF5A
2	0	-0.343748349312834	0.973	0.999	0	CALD1
2	0	-0.344483428989568	0.887	0.996	0	SEC61G
2	0	-0.344940434725749	0.536	0.94	0	SSBP1
2	0	-0.345782517787762	0.681	0.98	0	SPCS1
2	0	-0.347322856310997	0.06	0.556	0	SLC38A1
2	0	-0.348104277588755	0.162	0.652	0	CDH13
2	0	-0.348475401858718	0.395	0.886	0	TMED3
2	0	-0.348531002439865	0.496	0.894	0	H2AFV
2	0	-0.349505961820032	0.636	0.924	0	CLDN11
2	0	-0.35033775967689	0.374	0.853	0	CTSA
2	0	-0.350928662321466	0.551	0.937	0	TTC3
2	0	-0.35205288334659	0.46	0.918	0	C16orf13
2	0	-0.352174870241291	0.052	0.419	0	MGARP
2	0	-0.353183645509825	0.158	0.682	0	EPRS
2	0	-0.35344317774116	0.206	0.744	0	TGIF1
2	0	-0.354936400861418	0.179	0.73	0	TPBG
2	0	-0.356096267264595	0.086	0.608	0	DOK5
2	0	-0.356847220586292	0.539	0.945	0	BANF1
2	0	-0.357982258323971	0.693	0.984	0	CUTA
2	0	-0.360159003061087	0.656	0.972	0	YWHAQ
2	0	-0.360999729823565	0.1	0.325	0	PTTG1
2	0	-0.361758641256878	0.493	0.922	0	ANP32B
2	0	-0.36214334677203	0.197	0.712	0	CRIM1
2	0	-0.362990212881589	0.136	0.599	0	CRIP2
2	0	-0.363660375957579	0.479	0.901	0	SNRPB
2	0	-0.364250199688385	0.369	0.876	0	METTL9
2	0	-0.364525149683929	0.54	0.944	0	YIF1A
2	0	-0.364799918551242	0.583	0.96	0	TMEM14C
2	0	-0.364958344193352	0.783	0.995	0	ANXA1
2	0	-0.365623383804118	0.335	0.833	0	ACTR3
2	0	-0.366157536762687	0.04	0.554	0	DPYSL3
2	0	-0.366223327590563	0.363	0.824	0	ACTN1
2	0	-0.367567348908029	0.092	0.561	0	NTN4
2	0	-0.368280089538941	0.385	0.867	0	AKR1B1
2	0	-0.368767582719481	0.215	0.672	0	ADAMTS1
2	0	-0.369047189353954	0.144	0.67	0	NUCB2
2	0	-0.369493542582425	0.972	0.999	0	SPARC
2	0	-0.369555968438799	0.189	0.741	0	TUSC3
2	0	-0.370224351976928	0.772	0.988	0	ERH
2	0	-0.371160747308609	0.315	0.848	0	CFL2
2	0	-0.371392327876206	0.465	0.866	0	OSBPL8
2	0	-0.371472315584388	0.807	0.993	0	SUB1
2	0	-0.371663047519056	0.395	0.847	0	LSM4
2	0	-0.37177354952667	0.369	0.878	0	CTGF
2	0	-0.371953620597596	0.868	0.997	0	POMP
2	0	-0.372193277541964	0.066	0.592	0	MICAL2
2	0	-0.372372651264457	0.966	0.999	0	SLC25A6
2	0	-0.37290039849732	0.647	0.943	0	CYR61
2	0	-0.374601128172635	0.016	0.472	0	TPD52L1
2	0	-0.375652199182355	0.194	0.72	0	KDELR3
2	0	-0.376401265733059	0.244	0.788	0	BASP1
2	0	-0.378380755076978	0.101	0.548	0	LRRC17
2	0	-0.37905699994432	0.959	0.999	0	HINT1
2	0	-0.38120713008548	0.515	0.943	0	CAPZB
2	0	-0.381499615524567	0.525	0.947	0	HIF1A
2	0	-0.382559196165182	0.02	0.276	0	CXCL2
2	0	-0.383109583705582	0.634	0.967	0	NME4
2	0	-0.383844888507639	0.171	0.688	0	CDH11
2	0	-0.383925465665997	0.448	0.916	0	TBCB
2	0	-0.385186202348029	0.176	0.747	0	CDC42EP1
2	0	-0.385421476699402	0.125	0.623	0	MSC
2	0	-0.385468710367289	0.998	1	0	RPS3
2	0	-0.386701880460594	0.05	0.38	0	SCUBE3
2	0	-0.386846756840295	0.045	0.566	0	ASNS
2	0	-0.388159043861265	0.59	0.964	0	HDLBP
2	0	-0.388278096884416	0.203	0.735	0	MAGED2
2	0	-0.388740493919451	0.269	0.783	0	ADAM12
2	0	-0.391620586848305	0.749	0.988	0	GADD45GIP1
2	0	-0.392638173589752	0.192	0.692	0	DDAH1
2	0	-0.393581698979749	0.109	0.617	0	FGF2
2	0	-0.39365171023586	0.347	0.873	0	CERCAM
2	0	-0.394890361461389	0.171	0.692	0	MFAP2
2	0	-0.395755561491794	0.175	0.719	0	PHACTR2
2	0	-0.395970511141487	0.997	1	0	RPS3A
2	0	-0.39757617418085	0.321	0.833	0	SRA1
2	0	-0.398754138121645	0.576	0.958	0	PGAM1
2	0	-0.399401797663107	0.343	0.857	0	MCFD2
2	0	-0.39985714261229	0.548	0.953	0	RNF7
2	0	-0.401531707609748	0.221	0.523	0	STMN1
2	0	-0.401759684177705	0.258	0.79	0	FAM3C
2	0	-0.404985244703523	0.418	0.906	0	PPP4C
2	0	-0.405071876264528	0.137	0.638	0	CDH2
2	0	-0.405191636503379	0.692	0.98	0	JTB
2	0	-0.405249220333763	0.587	0.961	0	TMEM167A
2	0	-0.408146813298448	0.236	0.824	0	TPGS2
2	0	-0.408957416176133	0.338	0.873	0	XBP1
2	0	-0.410164177121188	0.75	0.983	0	DRAP1
2	0	-0.410506335883431	0.371	0.881	0	SERPINB6
2	0	-0.412699758641992	0.871	0.997	0	PPIB
2	0	-0.41290785020622	0.236	0.772	0	SLC3A2
2	0	-0.414394287128865	0.948	0.995	0	H3F3B
2	0	-0.41710724417513	0.028	0.442	0	IL32
2	0	-0.418351630114307	0.402	0.899	0	CD44
2	0	-0.419431801413613	0.457	0.932	0	LARP6
2	0	-0.420747911856227	0.316	0.721	0	B4GALT1
2	0	-0.42086004072142	0.906	0.997	0	COL3A1
2	0	-0.421487998393449	0.111	0.675	0	EXT1
2	0	-0.421683503935084	0.375	0.899	0	SARS
2	0	-0.422475732563389	0.375	0.891	0	HAX1
2	0	-0.423944121998255	0.966	0.998	0	EEF1B2
2	0	-0.424800307725964	0.346	0.798	0	HN1
2	0	-0.428028219969034	0.494	0.947	0	BUD31
2	0	-0.428709878892238	0.966	1	0	ALDOA
2	0	-0.429134603576275	0.422	0.91	0	FIBP
2	0	-0.43158361417873	0.349	0.833	0	TUBB6
2	0	-0.431959019629995	0.61	0.956	0	THY1
2	0	-0.432002143254197	0.093	0.66	0	C1orf198
2	0	-0.433553905810553	0.088	0.435	0	PLAT
2	0	-0.433946034704669	0.372	0.901	0	FKBP10
2	0	-0.434869230133026	0.67	0.985	0	SUMO1
2	0	-0.436117722455702	0.866	0.998	0	SLC25A3
2	0	-0.439274225274076	0.67	0.978	0	SERP1
2	0	-0.440209587189911	0.099	0.675	0	LURAP1L
2	0	-0.440865030907903	0.226	0.674	0	UBE2S
2	0	-0.441420768530202	0.156	0.754	0	TGFB1I1
2	0	-0.44164497963706	0.297	0.818	0	PLP2
2	0	-0.442467071045678	0.081	0.57	0	SMYD3
2	0	-0.444270267749079	0.087	0.659	0	BST1
2	0	-0.444928480699454	0.427	0.905	0	CAP1
2	0	-0.445642331930337	0.303	0.861	0	RBCK1
2	0	-0.445658463686445	0.514	0.964	0	FKBP8
2	0	-0.447963434140303	0.963	0.999	0	PPDPF
2	0	-0.451214141028055	0.876	0.997	0	HNRNPA1
2	0	-0.457519595326229	0.596	0.969	0	GTF2H5
2	0	-0.457540017070145	0.186	0.748	0	DHRS3
2	0	-0.459019400403818	0.569	0.957	0	HLA-C
2	0	-0.461313558119909	0.996	1	0	EIF1
2	0	-0.464467075595106	0.905	0.998	0	DYNLL1
2	0	-0.464805883263013	0.709	0.982	0	PRELID1
2	0	-0.466027391479443	0.205	0.795	0	P4HA1
2	0	-0.466498812816492	0.294	0.838	0	WDR1
2	0	-0.469289243903819	0.337	0.868	0	PLIN3
2	0	-0.470438911904721	0.635	0.983	0	EIF2S2
2	0	-0.472563656869636	0.057	0.555	0	LACC1
2	0	-0.475577315787172	0.505	0.963	0	C11orf31
2	0	-0.47662766537608	0.618	0.976	0	RNH1
2	0	-0.476786858124863	0.991	1	0	S100A11
2	0	-0.477381318541973	0.482	0.953	0	CNN3
2	0	-0.478146454770014	0.263	0.81	0	MYH9
2	0	-0.479688514210708	0.329	0.899	0	GPX8
2	0	-0.486238580960547	0.927	0.998	0	PABPC1
2	0	-0.486773589766257	0.996	1	0	B2M
2	0	-0.487828360306768	0.066	0.585	0	PRSS3
2	0	-0.489597824670096	0.704	0.991	0	SSR2
2	0	-0.491382846949195	0.998	1	0	TMSB10
2	0	-0.494031548330495	0.357	0.887	0	COL5A1
2	0	-0.49406896576139	0.135	0.782	0	CREB3L1
2	0	-0.494560206061878	0.168	0.779	0	SLC1A5
2	0	-0.495059796848364	0.423	0.943	0	DAB2
2	0	-0.495213101657984	0.876	0.998	0	DSTN
2	0	-0.49635901984714	0.748	0.989	0	COX7A2L
2	0	-0.498305666148775	0.127	0.737	0	P4HA2
2	0	-0.498360259515478	0.726	0.982	0	LMNA
2	0	-0.500506465618763	0.859	0.992	0	C6orf48
2	0	-0.500845314959185	0.105	0.588	0	MYH10
2	0	-0.500901309076278	0.276	0.872	0	TSPAN4
2	0	-0.501901807643972	0.553	0.892	0	CYP1B1
2	0	-0.50363234727221	0.169	0.719	0	GLIPR1
2	0	-0.503912318887035	0.374	0.867	0	BNIP3
2	0	-0.504599963243859	0.663	0.947	0	LUM
2	0	-0.504692380427783	0.951	0.999	0	NPM1
2	0	-0.507757077622193	0.891	0.996	0	GPX1
2	0	-0.50950826899648	0.751	0.994	0	OSTC
2	0	-0.510456948146397	0.175	0.634	0	CTHRC1
2	0	-0.51046406988907	0.723	0.991	0	RHOA
2	0	-0.511748790169779	0.489	0.961	0	MARCKS
2	0	-0.516332356111229	0.022	0.515	0	CLIC3
2	0	-0.520371669583635	0.251	0.832	0	TUBA1C
2	0	-0.522166625465854	0.385	0.907	0	C7orf50
2	0	-0.523537419575441	0.304	0.907	0	VAT1
2	0	-0.523692459193246	0.456	0.943	0	NUTF2
2	0	-0.524350239199863	0.491	0.931	0	CLIC4
2	0	-0.526569134471258	0.173	0.832	0	SHMT2
2	0	-0.52844225473596	0.209	0.794	0	NEK7
2	0	-0.529058201779919	0.446	0.939	0	TCEA1
2	0	-0.530334021910716	0.219	0.746	0	SERPINE1
2	0	-0.530581079769687	0.106	0.746	0	PYCR1
2	0	-0.532407953427152	0.366	0.938	0	RAB34
2	0	-0.532957456028387	0.285	0.703	0	ACTA2
2	0	-0.533710753329765	0.67	0.982	0	KDELR2
2	0	-0.535867304760225	0.998	1	0	TMSB4X
2	0	-0.535984333285169	0.471	0.922	0	BGN
2	0	-0.537845156251308	0.299	0.882	0	ISLR
2	0	-0.538079470800269	0.639	0.984	0	ARPC3
2	0	-0.542641026879438	0.298	0.892	0	QSOX1
2	0	-0.542695360215538	0.489	0.958	0	ARF1
2	0	-0.544860603128245	0.486	0.948	0	TAGLN2
2	0	-0.547762206254642	0.134	0.769	0	LINC01133
2	0	-0.549133772789072	0.462	0.943	0	PFN2
2	0	-0.55026629654693	0.04	0.509	0	IL6
2	0	-0.550385470280735	0.76	0.993	0	RAN
2	0	-0.550937162806517	0.485	0.903	0	AXL
2	0	-0.555048052948066	0.321	0.834	0	THBS2
2	0	-0.561307761617293	0.492	0.964	0	CTSB
2	0	-0.562243615601949	0.275	0.839	0	RCN3
2	0	-0.562506184995962	0.186	0.66	0	CCL2
2	0	-0.563464711694327	0.317	0.883	0	PHGDH
2	0	-0.564142314398249	0.931	1	0	TPM2
2	0	-0.569632846010644	0.09	0.706	0	LMO7
2	0	-0.569666720453433	0.62	0.987	0	ARF4
2	0	-0.571123315933823	1	1	0	LGALS1
2	0	-0.576786747950802	0.715	0.993	0	LY6E
2	0	-0.577633601800964	0.539	0.977	0	FXYD5
2	0	-0.578184595400471	0.238	0.827	0	CKAP4
2	0	-0.58041807539321	0.034	0.63	0	TRIB3
2	0	-0.581497264014042	0.156	0.797	0	LOXL1
2	0	-0.58225369099498	0.566	0.968	0	CALR
2	0	-0.592782385869831	0.43	0.942	0	SLC38A2
2	0	-0.595063068042602	0.091	0.721	0	CDC42EP3
2	0	-0.598498304853916	0.525	0.963	0	ATF4
2	0	-0.601976228102752	0.906	0.997	0	GUK1
2	0	-0.602326666935995	0.122	0.787	0	IER3
2	0	-0.602844228132462	0.092	0.774	0	WARS
2	0	-0.605818200571042	0.633	0.981	0	HMGN2
2	0	-0.611521240249912	0.885	0.999	0	LDHA
2	0	-0.612188303117236	0.083	0.388	0	NDUFA4L2
2	0	-0.615677801694619	0.993	1	0	RPS7
2	0	-0.616021828573517	0.401	0.918	0	HSP90B1
2	0	-0.616619756151019	0.051	0.445	0	TFPI2
2	0	-0.616750301592937	0.891	0.999	0	PRDX5
2	0	-0.618379984188937	0.777	0.995	0	NUPR1
2	0	-0.619137697290357	0.435	0.947	0	PDIA3
2	0	-0.61962207269971	0.104	0.749	0	SLC16A3
2	0	-0.621519845907368	0.352	0.919	0	CALM3
2	0	-0.626094432609294	0.399	0.854	0	MEST
2	0	-0.627040728263315	0.748	0.995	0	AP2M1
2	0	-0.630805215201798	0.847	0.998	0	AP2S1
2	0	-0.632057690570123	0.664	0.988	0	DYNLT1
2	0	-0.632092649731664	0.463	0.942	0	PGK1
2	0	-0.632891452647259	0.924	0.998	0	CALM2
2	0	-0.6333390543646	0.013	0.445	0	KIAA0101
2	0	-0.635299215820804	0.535	0.969	0	ARPC1A
2	0	-0.635705514748041	0.95	1	0	S100A10
2	0	-0.642753558754548	0.809	0.994	0	MYL9
2	0	-0.643920781909155	0.548	0.929	0	SRGN
2	0	-0.644372955957887	0.9	0.994	0	ZFAS1
2	0	-0.646354035077281	0.21	0.694	0	CRABP2
2	0	-0.651115197066386	0.425	0.939	0	PDIA6
2	0	-0.662063124228933	0.987	1	0	OAZ1
2	0	-0.665214229285813	0.108	0.665	0	SULF1
2	0	-0.666237658648204	0.766	0.997	0	MYL12B
2	0	-0.667278113562024	0.064	0.597	0	INHBA
2	0	-0.668699738112101	0.994	1	0	ACTB
2	0	-0.673641168544944	0.391	0.92	0	HMGA1
2	0	-0.674571364981698	0.323	0.926	0	PDLIM7
2	0	-0.675470604710478	0.7	0.993	0	ANXA5
2	0	-0.678500421181786	0.656	0.988	0	HMGN1
2	0	-0.688669017276334	0.715	0.991	0	CLIC1
2	0	-0.690269324210801	0.089	0.601	0	TNFAIP6
2	0	-0.692547001026654	0.801	0.996	0	ARPC2
2	0	-0.694755403725442	0.977	1	0	ANXA2
2	0	-0.700599466497238	0.291	0.836	0	DDIT4
2	0	-0.704136087942888	0.372	0.915	0	HSPA5
2	0	-0.704176100328525	0.28	0.918	0	HERPUD1
2	0	-0.7061488454334	0.346	0.962	0	EFEMP2
2	0	-0.708077239166498	0.183	0.623	0	IFI27
2	0	-0.709049686276195	0.226	0.919	0	GARS
2	0	-0.713847972439312	0.171	0.813	0	PTGIS
2	0	-0.716812272972508	0.568	0.987	0	RBM3
2	0	-0.722274533759488	0.078	0.694	0	NREP
2	0	-0.72717826052944	0.631	0.972	0	H2AFZ
2	0	-0.728749051451143	0.751	0.995	0	PDLIM2
2	0	-0.735213142433558	0.071	0.69	0	LXN
2	0	-0.738801425782514	0.167	0.86	0	LOXL2
2	0	-0.738949019978389	0.958	1	0	TXN
2	0	-0.745090387067779	0.964	1	0	TIMP1
2	0	-0.745804253229169	0.074	0.633	0	ANKRD37
2	0	-0.753779874660015	0.424	0.957	0	TMED9
2	0	-0.756700210946047	0.582	0.99	0	REXO2
2	0	-0.757569556317362	0.93	0.999	0	CFL1
2	0	-0.767218558727249	0.052	0.494	0	PI16
2	0	-0.775872996668071	0.119	0.733	0	KRT7
2	0	-0.78410667654728	0.637	0.992	0	TPM4
2	0	-0.786105512228048	0.156	0.898	0	PLS3
2	0	-0.787732532774033	0.784	0.998	0	TSPO
2	0	-0.787775443226624	0.702	0.996	0	CALU
2	0	-0.796764075458382	0.564	0.993	0	P4HB
2	0	-0.801064822670367	0.25	0.931	0	RAB32
2	0	-0.802942653610768	0.072	0.766	0	STC2
2	0	-0.808368915406366	0.233	0.869	0	ID2
2	0	-0.811900095574751	0.246	0.876	0	VCAN
2	0	-0.812046365530057	0.996	1	0	VIM
2	0	-0.813469600107966	0.071	0.625	0	VEPH1
2	0	-0.815450999649975	0.954	1	0	ACTG1
2	0	-0.820869012206443	0.762	0.998	0	CD59
2	0	-0.826881741582707	0.794	0.998	0	MYL12A
2	0	-0.829753550809836	0.227	0.914	0	MTHFD2
2	0	-0.830871594630825	0.493	0.976	0	ARPC5
2	0	-0.835972794611091	0.147	0.845	0	HEG1
2	0	-0.855390195559163	0.842	0.998	0	TPI1
2	0	-0.856332249814373	0.515	0.986	0	RHOC
2	0	-0.856617451371562	0.076	0.85	0	PSAT1
2	0	-0.862206923610658	0.729	0.994	0	TUBB
2	0	-0.862400726062823	0.581	0.982	0	EFEMP1
2	0	-0.863751828463735	0.796	0.998	0	CD99
2	0	-0.866107112813261	0.142	0.81	0	ATF5
2	0	-0.883076982516116	0.707	0.994	0	ENO1
2	0	-0.901975381160806	0.617	0.993	0	C19orf10
2	0	-0.902721674100568	0.189	0.906	0	TNFRSF12A
2	0	-0.903722347610762	0.276	0.889	0	UCHL1
2	0	-0.912465472286677	0.11	0.747	0	SCRG1
2	0	-0.923721603471229	0.406	0.978	0	SERPINH1
2	0	-0.926009421439089	0.474	0.975	0	S100A16
2	0	-0.929400593416717	0.507	0.911	0	TUBA1B
2	0	-0.951044031097387	0.261	0.952	0	SEPW1
2	0	-0.968238506010874	0.011	0.634	0	GREM1
2	0	-0.97784639766466	0.967	1	0	PFN1
2	0	-0.9959795952083	0.382	0.96	0	EIF4EBP1
2	0	-1.00800732498301	0.109	0.787	0	TNFRSF11B
2	0	-1.01504445999452	0.727	0.994	0	TAGLN
2	0	-1.02868191767468	0.598	0.993	0	PRKCDBP
2	0	-1.02937837040573	0.632	0.983	0	TPM1
2	0	-1.03121294119521	0.18	0.954	0	ENG
2	0	-1.03312638563484	0.435	0.98	0	LOX
2	0	-1.04320223270701	0.971	0.999	0	COL1A2
2	0	-1.05621494444111	0.551	0.991	0	ARPC1B
2	0	-1.06075624713285	0.942	1	0	SH3BGRL3
2	0	-1.0622861392509	0.039	0.753	0	KIAA1199
2	0	-1.09303170768043	0.129	0.792	0	ID1
2	0	-1.09450914409292	0.397	0.97	0	PRSS23
2	0	-1.10235421877209	0.994	1	0	GAPDH
2	0	-1.10284485198679	0.645	0.997	0	PKM
2	0	-1.12791602951478	0.332	0.969	0	PTX3
2	0	-1.1600889302977	0.932	0.999	0	FN1
2	0	-1.18878728457495	0.325	0.986	0	FHL2
2	0	-1.45967112956763	0.195	0.981	0	C12orf75
2	0	-1.62112102178108	0.232	0.974	0	ID3
2	0	-1.63197855335613	0.156	0.889	0	IGFBP3
2	0	-1.85017771935133	0.333	0.996	0	TGFBI
2	0	-1.98151726331685	0.731	0.999	0	COL1A1
2	0	-2.06486192387546	0.144	0.949	0	KRT18
2	0	-2.24939000791281	0.128	0.957	0	POSTN
2	0	-2.25630601698243	0.283	0.993	0	SERPINE2
2	6.23775099231963e-298	0.366375939256812	0.208	0.054	1.43337280052513e-293	SLC40A1
2	9.2917587081229e-298	0.282959353660074	0.162	0.049	2.13515323353956e-293	MT1F
2	5.78395057858971e-297	0.445362939862159	0.984	0.992	1.32909400345413e-292	CAV1
2	7.21537880094866e-295	0.282891236478826	0.701	0.85	1.65802189466999e-290	H2AFJ
2	4.9998760773151e-293	0.255912314279584	0.804	0.958	1.14892152380624e-288	MRPL41
2	4.02654940647939e-291	0.389451876752378	0.956	0.995	9.25260788114898e-287	COX5B
2	8.25380465850304e-291	0.286785371869469	0.218	0.094	1.89664177247741e-286	MMD
2	2.87725103951677e-287	0.336520459538374	0.277	0.14	6.61163516370559e-283	TMEM64
2	1.68665828944274e-283	0.281833334206544	0.627	0.796	3.87577208331048e-279	MAP1LC3A
2	3.22878808266815e-281	0.346913884905838	0.255	0.092	7.41943213516314e-277	DUSP6
2	6.74199676056926e-281	0.337061554095356	0.234	0.005	1.54924343561121e-276	MAOA
2	6.17308665420366e-273	0.504164341006788	0.999	0.999	1.41851358226946e-268	RPL37A
2	4.8322309721372e-272	1.40288799040982	0.49	0.209	1.11039835508741e-267	PLA2G2A
2	9.3961138379598e-272	0.527090119448902	0.997	0.999	2.15913299882478e-267	RPL39
2	2.15735457177737e-271	0.444534089446485	0.194	0.003	4.95738507048721e-267	FAM213A
2	4.67903915475722e-271	0.620458457359131	0.594	0.595	1.07519640737166e-266	ELOVL5
2	2.70707323178041e-268	0.290704555199631	0.728	0.876	6.2205835793082e-264	FOXP1
2	3.61423386910693e-268	0.394561050572985	0.175	0.094	8.30514800782081e-264	GPAM
2	2.90134370587415e-267	0.445964834822151	0.959	0.993	6.66699770172822e-263	NDUFS5
2	8.38690931542161e-266	-0.250735420373952	0.019	0.119	1.92722789159073e-261	CXCL1
2	3.90147846783133e-261	0.565841365195817	0.437	0.237	8.9652073712296e-257	ANGPTL4
2	1.92296300023902e-256	0.536201858530965	0.233	0.003	4.41877667824925e-252	MRAP
2	2.69213809981941e-256	0.339519033251664	0.21	0.058	6.18626413957501e-252	CD34
2	2.41261478285667e-251	0.419234282070628	0.266	0.118	5.54394750952635e-247	GPNMB
2	2.30755541516249e-249	0.27969724975616	0.206	0.065	5.3025315885019e-245	VIT
2	1.1558007603144e-245	0.268048527544649	0.251	0.109	2.65591456712647e-241	SLITRK4
2	6.97610688503955e-243	0.40908686226413	0.965	0.996	1.60303960111324e-238	COX7A2
2	1.01999546501262e-241	0.265437527460974	0.665	0.816	2.3438475790525e-237	YBX3
2	4.28738507728512e-240	0.746968285881673	0.527	0.424	9.85198216909349e-236	PTPRS
2	3.32600261611153e-237	0.344775112595904	0.275	0.136	7.64282141156267e-233	DCLK1
2	3.31022760892141e-236	1.08217002903262	0.369	0.001	7.6065720225405e-232	PLIN4
2	1.5365474547857e-235	0.324371386130481	0.201	0.003	3.53083239635205e-231	ALDH1L1
2	1.6433239018477e-234	0.394370660722061	0.916	0.985	3.77619399405584e-230	C14orf2
2	8.36211381751138e-233	0.291185254845725	0.187	0.062	1.92153013412594e-228	CDKN1C
2	1.11960868942045e-232	0.365787156643795	0.281	0.108	2.57274880741925e-228	TNFRSF21
2	6.79464613967875e-231	0.373325593543183	0.155	0.003	1.56134173643678e-226	CES1
2	4.77551065323326e-228	0.738082885888307	0.676	0.793	1.09736459300647e-223	HEBP2
2	6.24335500011009e-227	0.384625623790929	0.244	0.089	1.4346605454753e-222	C3
2	8.95819069291344e-224	1.04883861269339	0.546	0.252	2.05850263932458e-219	CD36
2	1.10477507227668e-223	0.354528456525048	0.353	0.212	2.53866263858457e-219	C7orf55
2	3.15867182549623e-221	0.336750407158988	0.651	0.745	7.2583119878078e-217	CTSL
2	6.02753432828318e-219	0.409128348890683	0.317	0.252	1.38506711329619e-214	TSC22D3
2	7.54898333356195e-219	0.615484487752127	0.992	0.997	1.7346808802192e-214	MT-ND1
2	5.10631233289034e-218	0.546180045475	0.971	0.947	1.17337951097487e-213	COL6A2
2	6.55087652476173e-218	0.264299738137187	0.235	0.102	1.505325916625e-213	DGCR6
2	3.63491515933113e-216	0.251362634928337	0.148	0.07	8.35267154462701e-212	ACSS2
2	7.10280854815313e-216	0.773217738134232	0.746	0.655	1.63215437628011e-211	COX7A1
2	1.95510672959282e-214	0.490908203489886	0.843	0.894	4.49263975393134e-210	MFGE8
2	3.3017117882256e-214	0.320893146927196	0.697	0.845	7.58700351816361e-210	LEPROT
2	4.79555000646141e-208	0.427953711953184	0.326	0.243	1.10196943598477e-203	CDKN2C
2	1.43174607721163e-207	0.672452218481347	0.748	0.698	3.2900093108246e-203	NDUFB1
2	2.59555908290031e-204	0.605291261460552	0.649	0.546	5.96433521659663e-200	BEST1
2	1.15075033413141e-202	0.313370861388159	0.257	0.125	2.64430919280056e-198	SLC27A3
2	2.46772379733415e-202	0.403941298882136	0.244	0.106	5.67058251389414e-198	EPHB6
2	2.20462995519622e-200	0.69546017445767	0.999	1	5.0660191740454e-196	RPL34
2	3.09560603496642e-200	0.932387606938825	0.626	0.519	7.11339310774934e-196	CLU
2	6.55360612351144e-199	0.525932274860352	0.998	0.999	1.50595315112169e-194	RPS28
2	7.82797042427217e-199	0.300133094363414	0.145	0.003	1.7987893237935e-194	PRKAR2B
2	3.74130370442404e-197	0.251378102578442	0.573	0.719	8.59714178239601e-193	HMGN3
2	5.86136426338162e-197	0.477340699317654	0.943	0.986	1.34688289408246e-192	COX6C
2	2.144010569014e-195	0.38891434510007	0.834	0.938	4.92672188653726e-191	NDUFB4
2	3.0113212093809e-193	0.456162144140787	0.964	0.994	6.91971500703638e-189	COX6B1
2	4.45921774130667e-193	0.795922505345056	0.883	0.878	1.02468364477486e-188	RPL36A
2	4.46944275021263e-189	0.330836390369951	0.699	0.818	1.02703324957136e-184	CRTAP
2	3.22864981839393e-188	0.699311700084015	0.801	0.79	7.41911441768742e-184	ATP5I
2	3.30864277286064e-188	0.275236335381812	0.207	0.09	7.60293022775646e-184	ANGPTL1
2	8.58049670833957e-188	0.320989860464188	0.734	0.873	1.97171233860935e-183	LSMD1
2	6.04985838541306e-186	0.259102585371449	0.519	0.679	1.39019695838407e-181	HNRNPH1
2	7.87093937468199e-186	0.511682311209635	0.355	0.459	1.80866315890817e-181	AGPAT2
2	5.481173901192e-184	0.880503778816546	0.418	0.521	1.25951895075491e-179	ADIRF
2	1.80068963387488e-182	0.315242113432206	0.25	0.184	4.1378047096811e-178	HADH
2	5.10987599225205e-180	0.341391712137073	0.178	0.002	1.1741984042596e-175	LGALS12
2	1.55189809656489e-176	0.403541568002895	0.346	0.272	3.56610663609645e-172	PEMT
2	9.87995751841991e-176	1.1819769609681	0.454	0.001	2.27031543815771e-171	GPD1
2	3.68449834592412e-175	0.554369573182043	0.586	0.536	8.46660874909903e-171	PGD
2	1.77933540256345e-174	0.438287038204605	0.264	0.306	4.08873482155056e-170	FADS1
2	6.72580630233266e-174	0.353538904326353	0.297	0.207	1.54552303021302e-169	AIFM2
2	4.36760085645818e-172	0.472477202568883	0.991	0.999	1.00363100080552e-167	PTMA
2	1.19588108537459e-171	-0.356478440159195	0.001	0.207	2.74801514608228e-167	MMP1
2	7.21749572957583e-170	0.418908239711437	0.399	0.276	1.65850834369923e-165	MAN1A1
2	7.01458052976552e-168	0.277191674826894	0.216	0.134	1.61188045993482e-163	HK2
2	3.55490968872656e-167	0.357967768580578	0.854	0.96	8.16882697372476e-163	ATP5D
2	1.63613646021684e-166	0.536971013299358	0.843	0.946	3.75967797193227e-162	MTRNR2L8
2	1.37077303704608e-164	0.315097668518894	0.227	0.107	3.14989936182819e-160	SPRY1
2	9.83708146559651e-163	0.478930923496465	0.458	0.461	2.26046294997942e-158	SLC25A1
2	1.73005694104863e-161	0.651201498727835	0.619	0.548	3.97549784483564e-157	PDGFRB
2	3.97665462768306e-158	0.408404605646818	0.224	0.212	9.13795466895291e-154	PAPPA2
2	4.29414484471213e-158	0.338908088878308	0.303	0.178	9.867515438664e-154	BMPER
2	6.71135788080143e-154	0.250612147455817	0.251	0.147	1.54220292742936e-149	PPARG
2	3.81939511590567e-152	0.440085409387377	0.426	0.334	8.77658803683965e-148	CAT
2	3.1760325032321e-150	0.494768159282994	0.498	0.389	7.29820508917703e-146	EIF4EBP2
2	3.69839644320605e-150	0.253893414904045	0.221	0.116	8.49854518684317e-146	COL18A1
2	6.78683945447263e-148	0.328122166351972	0.591	0.695	1.55954783824326e-143	FCGRT
2	8.07298289335745e-148	0.472822204885105	0.806	0.884	1.85509073906461e-143	SQSTM1
2	2.40855807203551e-146	-0.318836271545906	0.002	0.246	5.53462559373041e-142	TK1
2	1.54603062740233e-140	0.454518576412508	0.23	0.001	3.55262377870782e-136	AOC3
2	1.74042516927782e-138	0.305211444034897	0.502	0.647	3.99932299648351e-134	KLF6
2	2.47266249139768e-138	0.255129815234452	0.256	0.156	5.68193113898272e-134	TSPAN14
2	4.84161237047425e-135	0.363593353484801	0.36	0.307	1.11255410661128e-130	CUL4B
2	2.45657362291085e-134	0.404154930703155	0.248	0.087	5.64496052808684e-130	SEPP1
2	2.29351105167857e-131	0.535446631682824	1	1	5.27025904565218e-127	RPLP2
2	1.98456887279313e-130	0.271779786951595	0.26	0.182	4.56034081279134e-126	FZD4
2	9.8318502935709e-129	0.364100252969396	0.634	0.75	2.25926087895966e-124	HSPG2
2	1.23601906415593e-128	1.01248005640551	0.999	1	2.8402482075239e-124	RPS27
2	1.94844229420795e-128	0.504350631849697	0.543	0.532	4.47732554786044e-124	RBPMS
2	3.5548184828838e-127	0.30233422353121	0.32	0.222	8.16861739181868e-123	TBC1D16
2	1.27477540390659e-121	0.529901846331528	0.632	0.62	2.92930640063695e-117	TMEM256
2	4.58622401495442e-120	0.337637460114916	0.648	0.774	1.05386841639638e-115	TMEM45A
2	7.86703060332949e-120	0.536861347705917	0.628	0.614	1.80776496233908e-115	NDUFA3
2	1.35474914697304e-114	0.452237240173679	0.207	0.001	3.11307806482936e-110	CILP
2	3.21582853743738e-113	0.254406676535312	0.56	0.751	7.38965239617735e-109	YWHAG
2	5.30895819275595e-113	0.280411606344775	0.648	0.775	1.21994550311339e-108	NENF
2	2.53895296826556e-110	0.263917263177389	0.278	0.188	5.83426002577742e-106	PKDCC
2	1.17271009177624e-101	0.303268283441012	0.184	0.001	2.69477051989261e-97	APCDD1
2	2.69417704120015e-101	0.421435414428732	0.867	0.957	6.19094942297383e-97	ATP5J2
2	1.10996705611578e-100	0.260293989075154	0.31	0.233	2.55059329824846e-96	ZNF90
2	5.69630721355522e-100	0.343614154348575	0.244	0.146	1.30895443460285e-95	CELF2
2	9.83396677935075e-95	0.339132766303796	0.628	0.742	2.25974722622701e-90	SPTBN1
2	5.35714294098095e-94	0.322941917182946	0.698	0.879	1.23101787640801e-89	COX14
2	5.27355055462633e-93	0.258886486676682	0.431	0.546	1.21180918194758e-88	RBMS1
2	4.8723785406567e-90	0.590842896317612	0.401	0.322	1.1196238648575e-85	SOX4
2	2.33751206842955e-86	0.321841102038692	0.562	0.671	5.37136898204425e-82	KRTCAP2
2	4.9514518529251e-86	0.39422865519345	0.212	0.001	1.13779412128366e-81	AQP7
2	5.94973562471282e-86	0.261614719537655	0.507	0.631	1.36718974920276e-81	EIF5B
2	8.98521757303582e-86	0.304087191086245	0.262	0.171	2.0647131461079e-81	HTRA3
2	7.21392968081785e-85	0.411469817948062	0.469	0.382	1.65768890135513e-80	DPM3
2	1.41113230999517e-84	0.359527287999799	0.378	0.301	3.24264093513789e-80	PTPRG
2	1.07005243885162e-83	0.731600261864176	0.953	0.991	2.45887349923714e-79	DCN
2	4.18316456893457e-82	0.342990522626506	0.587	0.712	9.61249386295475e-78	HADHA
2	3.20715423316734e-81	1.01094117775342	0.401	0	7.36971971239524e-77	PLIN1
2	1.78432182833174e-80	0.315655931392232	0.47	0.579	4.1001931293235e-76	MCL1
2	2.17227251865823e-80	0.425111800122119	0.46	0.381	4.99166502062474e-76	EBF1
2	9.0007987862451e-80	0.391752580539648	0.765	0.891	2.06829355309126e-75	NDUFA2
2	1.12870853369803e-79	0.73669717151547	0.925	0.959	2.5936593395847e-75	UQCR11.1
2	2.00676244636115e-77	0.569557344433114	0.636	0.64	4.61133942549329e-73	GBE1
2	2.29789853515135e-77	0.253028328844123	0.463	0.569	5.28034104392428e-73	PIN4
2	1.81065493160563e-75	0.420001881156409	0.831	0.929	4.16070396733658e-71	NDUFA11
2	2.00773461180576e-75	0.774540769431272	0.692	0.625	4.61357336446845e-71	EGR1
2	2.55402611534927e-72	0.340496103179161	0.628	0.741	5.86889661046109e-68	MPST
2	1.11829984334957e-71	0.286894226175354	0.427	0.556	2.56974121003297e-67	CTNNB1
2	5.48309116298718e-71	0.368234040103826	0.383	0.321	1.25995951834282e-66	REV3L
2	1.42078422839479e-69	0.475801110611922	0.868	0.949	3.2648200784284e-65	USMG5
2	2.25079948331121e-69	0.463862622294099	0.858	0.932	5.17211213270083e-65	MYEOV2
2	7.65816598773535e-69	0.277314757662992	0.269	0.201	1.75976996232171e-64	EBF2
2	1.3284306881531e-68	0.271476397908695	0.296	0.218	3.05260087830701e-64	WASF3
2	3.05972294826151e-68	0.451698023593138	0.737	0.8	7.03093736281013e-64	CD81
2	3.08609890409864e-65	0.477152861021198	0.588	0.502	7.09154667172826e-61	C4orf48
2	9.32625603071443e-62	0.311017413808387	0.539	0.717	2.14308037329787e-57	ACADVL
2	2.8327515922178e-60	0.312463189343528	0.656	0.856	6.50937988375729e-56	TIMM8B
2	2.30481739421914e-59	0.335316307713438	0.312	0.233	5.29623989017616e-55	SESTD1
2	5.46308824288135e-59	0.279466088066823	0.285	0.301	1.25536304733171e-54	VKORC1L1
2	1.59268997330355e-58	0.422810550106392	0.377	0.446	3.65984228965422e-54	INSIG1
2	5.06053849207153e-58	0.609873124537886	0.989	0.996	1.16286114009312e-53	ATP5E
2	9.20848101870989e-58	0.289315590469699	0.297	0.224	2.11601685328934e-53	TTC39C
2	2.75881852757563e-57	0.797358741121137	0.859	0.862	6.33948909451605e-53	COL6A3
2	3.70152747385464e-57	0.603502164301671	0.636	0.637	8.50573998217057e-53	DUSP1
2	1.96297359952103e-56	0.272164946042692	0.316	0.274	4.51071703433937e-52	HIPK2
2	2.17652097004162e-54	0.275554420094767	0.303	0.231	5.00142753705864e-50	PET100
2	7.77700182900975e-54	0.254885010192522	0.5	0.573	1.78707725028815e-49	SOD3
2	2.17378045807067e-53	0.256264889151542	0.277	0.25	4.9951301146006e-49	ZNF703
2	1.28675972202718e-52	0.369534013904322	0.676	0.78	2.95684516524626e-48	COL4A2
2	4.67241278005779e-52	0.257643062919606	0.269	0.228	1.07367373272948e-47	DHCR24
2	2.23508459595405e-50	0.272972584944651	0.423	0.532	5.13600089304282e-46	FGFR1
2	4.85490835046605e-49	0.48505861795034	0.525	0.554	1.11560938985359e-44	RHOB
2	1.48778191956553e-48	0.572456090074981	0.554	0.504	3.41877407296963e-44	ZFP36L2
2	1.50095764789831e-48	0.627634374566308	0.986	0.994	3.44905057910552e-44	RPL38
2	9.79401578346428e-48	0.30090535117654	0.136	0	2.25056688688226e-43	THRSP
2	7.17276871298775e-47	0.633104785683509	0.278	0.266	1.64823052255745e-42	MTRNR2L1
2	3.35771230993267e-45	0.794079408874742	0.804	0.845	7.71568711699428e-41	PLIN2
2	1.44453312167459e-44	0.466223985568184	0.319	0.263	3.31939266029605e-40	CTSK
2	2.33436224598399e-44	0.335157565506729	0.55	0.653	5.3641310050466e-40	LAMA4
2	4.16011452386035e-44	0.266461470148616	0.399	0.473	9.55952716437869e-40	JUND
2	3.10497850680965e-43	0.592960215479508	0.946	0.974	7.13493011079789e-39	PSAP
2	1.14029782751393e-42	0.262753375335735	0.299	0.273	2.62029037784425e-38	C1GALT1C1
2	1.52343819575689e-42	0.281370709276185	0.377	0.453	3.50070863002977e-38	TNRC6B
2	3.50420639310276e-41	0.583959776513941	0.858	0.859	8.05231587071083e-37	C1S
2	4.71444766937384e-41	0.277420231293207	0.462	0.55	1.08333292994541e-36	DDX24
2	2.95700548575134e-40	0.449479959524153	0.174	0	6.794902905708e-36	HP
2	3.70155657877986e-39	0.773397358338772	0.996	0.996	8.50580686237825e-35	MT-ND2
2	1.22828492091955e-36	0.33936735115538	0.609	0.779	2.82247591978104e-32	MDH1
2	5.17201027581069e-36	0.294847884820426	0.521	0.607	1.18847624127854e-31	ANXA6
2	2.3172205662395e-35	0.482384332059252	0.632	0.644	5.32474113916175e-31	NDUFA13
2	7.42897422380555e-35	0.663979600298116	0.756	0.736	1.70710398688828e-30	COL4A1
2	8.7283835133971e-34	0.297407075890816	0.424	0.534	2.00569524754352e-29	ASS1
2	4.11208493415902e-33	0.589671535426057	0.793	0.867	9.44915997020401e-29	COX6A1
2	6.32866150120094e-33	0.328917048545233	0.384	0.404	1.45426312636096e-28	OAF
2	3.14508995319628e-32	0.267733052265104	0.27	0.238	7.22710220344973e-28	NNT
2	6.59959251549575e-30	0.329559057744301	0.358	0.309	1.51652036413577e-25	ZEB2
2	1.67151705122299e-27	0.310348117265867	0.394	0.469	3.84097903200532e-23	ZEB1
2	3.12260839864921e-27	0.256443156875206	0.296	0.342	7.17544183925602e-23	CS
2	9.15736713896803e-27	0.459578769315855	0.797	0.915	2.10427139486346e-22	DDT
2	1.25014438027445e-26	0.290856742328272	0.332	0.298	2.87270677143267e-22	FOXN3
2	1.63282761592482e-26	0.273115034205798	0.369	0.418	3.75207457863365e-22	FAM198B
2	3.5803145922119e-26	0.371461918698329	0.371	0.344	8.22720490144373e-22	MTURN
2	2.74901937660631e-25	0.2697183435936	0.22	0.176	6.31697162550363e-21	ANG
2	8.93165430037182e-25	0.319618506873967	0.528	0.692	2.05240484168244e-20	SPTSSA
2	9.11349673014073e-25	0.4358250052915	0.733	0.808	2.09419041361904e-20	ROMO1
2	4.70434525831293e-24	0.291334984410939	0.446	0.59	1.08101149690773e-19	MYC
2	1.20950441193679e-23	0.472201223845251	0.587	0.568	2.77932018818955e-19	NFIA
2	3.35285032620663e-23	0.467336582173381	0.61	0.624	7.70451476459021e-19	LINC00116
2	1.16409973401164e-22	0.779654043753824	0.984	0.994	2.67498477878535e-18	POLR2L
2	3.08571439718916e-22	0.285781845538488	0.288	0.318	7.09066311330096e-18	CBR3
2	3.23670866506147e-22	0.270036803914471	0.216	0.179	7.43763284144475e-18	TMEM59L
2	3.92459683633579e-22	0.298288705595978	0.516	0.655	9.01833107021601e-18	GCSH
2	1.82371861680264e-21	0.380717545845915	0.545	0.643	4.19072300955078e-17	MMP14
2	2.50264724299133e-21	0.409817536220961	0.67	0.784	5.75083309966979e-17	PRKAR1A
2	2.78913181250991e-21	0.397799418788685	0.706	0.826	6.40914599196652e-17	MINOS1
2	1.36784662031813e-20	0.328590772245132	0.366	0.334	3.14317474882904e-16	PHLDB1
2	1.69592593786885e-20	0.84676245562454	0.971	0.991	3.89706821262882e-16	MFAP5
2	3.72704150372321e-20	0.25297922608608	0.384	0.498	8.56436867140556e-16	NUDT4
2	8.39907138140111e-19	0.2655029121531	0.26	0.219	1.93002261273216e-14	IL11RA
2	1.5686180035941e-18	0.257817818393326	0.496	0.499	3.60452731045888e-14	MRPL23
2	1.69470260346113e-18	0.305812726337759	0.335	0.289	3.89425711249333e-14	LAMB1
2	8.03809329349118e-17	0.896031029769472	0.869	0.826	1.84707345791134e-12	FOS
2	1.51277627608643e-16	0.528515834557726	0.728	0.76	3.47620860481901e-12	CYBRD1
2	7.12503209764423e-16	0.319035720285519	0.354	0.428	1.63726112571767e-11	NDRG1
2	4.3031957307289e-15	0.382243245039792	0.406	0.367	9.88831346964193e-11	ZCCHC24
2	2.04503032010028e-14	0.528876489595692	0.848	0.922	4.69927517255843e-10	NDUFA1
2	3.37446985053659e-14	0.455231020083883	0.567	0.675	7.75419426954803e-10	MTRNR2L10
2	1.98810440630705e-13	0.29402297397631	0.402	0.435	4.56846511525297e-09	CEBPB
2	2.58447196891205e-13	0.531361654109859	0.775	0.869	5.93885813736299e-09	NDUFC2
2	3.22323460977938e-13	0.425059800745717	0.502	0.574	7.40667080981204e-09	FBLN1
2	6.37113824812384e-13	0.519404393830916	0.783	0.831	1.46402385803638e-08	SEC62
2	7.46303812426213e-13	0.38128366794022	0.576	0.629	1.71493153057419e-08	SON
2	9.00490569810309e-13	0.404047755610066	0.392	0.342	2.06923728036711e-08	PCDH18
2	6.52643461988653e-12	0.468242351900861	0.785	0.898	1.49970941130373e-07	ETFB
2	3.08391950256844e-11	0.634763620411925	0.699	0.724	7.08653862495202e-07	MFAP4
2	5.78530386000617e-11	0.410232656552951	0.624	0.655	1.32940497399082e-06	HIST1H4C
2	1.21863752947672e-10	0.676963116478016	0.988	0.993	2.80030717898456e-06	RPS29
2	1.33435563793272e-10	0.264092442305019	0.392	0.437	3.0662158204056e-06	ALDH2
2	5.46259841144837e-10	0.47531263078913	0.792	0.886	1.25525048896672e-05	SLIRP
2	3.51609671109877e-09	0.257651264720253	0.272	0.301	8.07963863243387e-05	HNMT
2	1.01637655577207e-08	0.743420988593146	0.857	0.785	0.000233553168750864	C1R
2	5.59562740715737e-08	0.274520974494496	0.254	0.253	0.00128581922189069	MTRNR2L12
2	7.3696967985877e-08	0.57677956016718	0.728	0.67	0.00169348262734747	PPAP2B
2	2.68436927850336e-07	0.255524261864805	0.275	0.252	0.00616841216507288	CTSF
2	2.94049358924638e-07	0.295581188080661	0.479	0.585	0.00675696021872925	PTEN
2	1.72466796058383e-06	0.921060606782063	0.912	0.946	0.0396311450662558	PLAC9
