p_val	avg_logFC	pct.1	pct.2	p_val_adj	gene
1	3.7155417715136e-85	2.31147522855584	1	0.85	8.53794343676109e-81	MT2A
2	4.43641821427953e-71	2.3274961561535	1	0.77	1.01944454145929e-66	MT1X
3	1.36482097817e-67	0.67256022137145	1	0.99	3.13622212573684e-63	RPLP0
4	2.21466670988575e-59	1.98853050165929	0.99	0.63	5.08908263264645e-55	MT1E
5	1.59969775158115e-50	0.984687551489015	0.99	0.88	3.67594546335833e-46	GPX3
6	3.06479185363394e-46	0.363863547019651	1	1	7.04258520046542e-42	RPL26
7	1.58390603548434e-44	0.798042317758368	1	0.85	3.63965767893947e-40	HSPB6
8	2.57638121331326e-41	0.34321909006283	1	1	5.92026639007254e-37	RPLP1
9	1.55146985023587e-39	0.569954509676805	1	0.86	3.56512256885701e-35	RPS10
10	4.69044761243005e-38	0.315799864738985	1	1	1.0778179568603e-33	B2M
11	1.08137675668162e-37	0.292479980718088	1	1	2.4848956491787e-33	EEF1A1
12	7.12092250376517e-37	1.04433336472008	0.9	0.39	1.6363167821402e-32	IGFBP4
13	5.38171935617565e-35	1.33996069529696	0.99	0.72	1.2366652908556e-30	IGFBP6
14	5.51596525788226e-33	0.724725080374173	0.97	0.8	1.26751365660877e-28	NNMT
15	9.88600358545337e-33	0.770269805183517	1	0.96	2.27170476390133e-28	IGFBP5
16	4.18912139030818e-32	0.774786817538345	0.93	0.58	9.62618204278917e-28	PDLIM1
17	6.21697644111397e-32	1.20215566797263	0.82	0.22	1.42859901640358e-27	RASD1
18	3.0936526297765e-31	0.481724787182277	0.98	0.8	7.10890437796343e-27	RPL36A
19	1.57341028347391e-30	0.519722843961207	1	1	3.6155394903947e-26	MGST1
20	8.45192596181432e-30	0.301089651591907	1	1	1.94216806676531e-25	TPT1
21	5.1615338395924e-29	0.275936212193648	1	0.97	1.18606886099994e-24	RPS29
22	5.39713359725375e-28	0.478271177711962	1	0.9	1.24020732931294e-23	MMP2
23	8.39258312875012e-28	0.308837222047048	1	0.96	1.92853167715549e-23	EEF1B2
24	3.46936538940374e-27	1.52200920261003	0.75	0.28	7.97225472831085e-23	MT1M
25	3.86112440178701e-27	0.25220096116526	1	1	8.87247776286636e-23	FTH1
26	4.26517238261972e-27	0.720548622673498	0.94	0.65	9.80093961802186e-23	AKR1C1
27	1.53897211967163e-26	0.293007614736887	1	1	3.53640403379343e-22	MALAT1
28	1.98234292491026e-25	0.82837257964225	1	0.95	4.55522580715129e-21	TIMP1
29	1.94135067873387e-23	0.489865179093502	0.95	0.7	4.46102972466257e-19	MORF4L2
30	4.58175522792679e-23	0.250086185105322	1	1	1.0528415338253e-18	RPL36
31	5.22612614351578e-23	0.73491217281987	0.98	0.69	1.20091152651849e-18	BTG1
32	8.57255337372537e-23	0.845542677315378	0.87	0.42	1.96988703974835e-18	STOM
33	9.13061260406877e-23	0.280700202640177	1	0.95	2.09812347028896e-18	PPDPF
34	5.82469714523927e-21	0.830075895886728	0.85	0.36	1.33845715700453e-16	PDK4
35	6.31558095596909e-21	0.315948673556185	0.99	0.8	1.45125734787214e-16	SRPX
36	9.36428624426663e-21	0.486611388589537	0.9	0.56	2.15181933607003e-16	DUSP1
37	1.09121110913685e-19	0.574662331804924	0.88	0.36	2.50749400768556e-15	SPTSSA
38	1.3085557628877e-19	0.948877378140194	0.65	0.15	3.00693028753965e-15	HSD11B1
39	2.54003882201998e-19	0.562885837862101	0.98	0.51	5.83675520911971e-15	DCXR
40	3.35274499154347e-19	0.33650352729042	0.99	0.86	7.70427271606774e-15	ZFAS1
41	1.45156222278089e-18	0.341023341873982	0.93	0.73	3.33554483172821e-14	SERBP1
42	1.50035685759365e-18	0.677110279535025	0.75	0.26	3.44767002306445e-14	BGN
43	3.25761073527814e-18	0.570568755891165	0.76	0.26	7.48566370859563e-14	CEBPD
44	3.90905751700462e-18	2.29045003342642	0.41	0.05	8.98262326832492e-14	MT1G
45	7.03783086552844e-18	0.332466714008938	0.95	0.6	1.61722315458978e-13	TMEM230
46	1.48664792182309e-17	0.308516068759173	0.98	0.7	3.41616825955728e-13	KRT10
47	2.0369032847153e-17	0.645399194430428	0.98	0.84	4.68060005794728e-13	CYB5A
48	7.86953210219884e-17	0.467847968976203	0.86	0.45	1.80833978176427e-12	CNPY2
49	1.19323983214208e-16	1.00841905635767	0.61	0.08	2.74194581027929e-12	MT1A
50	1.29228964317295e-16	0.850328979156465	0.67	0.08	2.96955237104711e-12	DDIT4
51	2.11953017529755e-16	0.33255757127082	0.92	0.69	4.87046838981624e-12	NID1
52	2.95927477313526e-16	0.770379813027112	0.63	0.15	6.80011750118752e-12	CRISPLD2
53	4.49743061407927e-16	0.428329981510872	0.87	0.49	1.03346458080928e-11	COPS8
54	6.21435667314353e-16	0.257192682112232	0.97	0.81	1.42799701992165e-11	C6orf48
55	6.29320990966654e-16	0.279666896134058	0.97	0.82	1.44611670514227e-11	RTN4
56	2.25388055942042e-15	1.26894101475339	0.72	0.35	5.17919213749219e-11	PLA2G2A
57	3.37208526344448e-15	0.817443937360615	0.57	0.12	7.74871472686907e-11	TSC22D3
58	6.34023948553957e-15	0.321328314267849	0.78	0.48	1.45692363138214e-10	RBPMS
59	6.95222183297148e-15	0.652006007067284	0.69	0.1	1.59755105499852e-10	FKBP5
60	7.73889909454577e-15	0.758588491725224	0.6	0.09	1.77832162293567e-10	IL17RE
61	1.36812111669705e-14	0.448535431224876	0.87	0.52	3.14380551405815e-10	RHOBTB3
62	1.60701106034705e-14	0.320175257901809	1	0.89	3.69275071557149e-10	UQCR11.1
63	2.56127021322314e-14	0.28796844862199	0.94	0.61	5.88554282296545e-10	LSMD1
64	2.78079861442576e-14	0.30406085749975	0.85	0.5	6.38999713608896e-10	ANAPC16
65	3.10647816499677e-14	0.277968697784508	0.89	0.64	7.13837617534608e-10	LY6E
66	4.02610404256778e-14	0.301577625617652	1	0.95	9.2515844794165e-10	PRDX6
67	4.86509182361005e-14	0.457993995216263	0.76	0.3	1.11794945014735e-09	C1orf21
68	5.69219285191784e-14	0.251725248921679	0.91	0.62	1.3080089954422e-09	OSTC
69	6.67034756025132e-14	-1.20725680038248	0.47	0.85	1.53277916587015e-09	EGR1
70	7.16037400695564e-14	0.487109555359334	0.66	0.17	1.64538234305834e-09	RASSF4
71	7.999093590092e-14	0.326889072319026	0.89	0.48	1.83811171606724e-09	NENF
72	8.4732686328321e-14	0.596733913508807	0.65	0.11	1.94707239913849e-09	CUL4B
73	1.06988454297377e-13	0.578326912089403	0.62	0.17	2.45848769129943e-09	TGFBI
74	1.25623656771079e-13	0.372544093147377	0.89	0.44	2.88670600894262e-09	H2AFZ
75	2.08084505500228e-13	0.524701652983601	0.62	0.15	4.78157385188973e-09	SCARA5
76	2.15602863235653e-13	0.262367193204339	0.79	0.42	4.95433819429206e-09	FXYD5
77	7.22964218071946e-13	0.371681337935654	0.85	0.53	1.66129947670752e-08	COX14
78	7.29867659011555e-13	0.257087093102627	0.99	0.93	1.67716289364265e-08	SAT1
79	7.48604930601512e-13	0.306059704719973	0.8	0.48	1.72021927002921e-08	IMPDH2
80	1.39546208026222e-12	0.44607911307886	0.67	0.3	3.20663231423456e-08	FGF7
81	1.58254550276305e-12	0.331803776939158	0.8	0.47	3.63653131079921e-08	RAB31
82	1.8975240282349e-12	0.253413352781603	0.97	0.69	4.36032046448097e-08	COX6A1
83	2.22639256810902e-12	0.659883965833611	0.58	0.08	5.11602748225773e-08	GADD45B
84	2.94681688596864e-12	0.453870429096068	0.78	0.6	6.77149052226734e-08	LUM
85	4.25410093027922e-12	0.477886994415312	0.58	0.21	9.77549852768861e-08	TSKU
86	5.16193319806848e-12	0.514153857861092	0.83	0.46	1.18616062958416e-07	GLUL
87	7.29128110856966e-12	0.427580614279872	0.66	0.24	1.67546348593822e-07	REV3L
88	7.30051145325744e-12	0.483436943364808	0.56	0.15	1.67758452684403e-07	IL17RC
89	1.06436031285994e-11	0.370070785265445	0.7	0.32	2.44579356292086e-07	SRM
90	1.29857803702185e-11	0.823865138677684	0.45	0.06	2.98400247127251e-07	ID3
91	1.65882357628691e-11	0.265379686322295	0.79	0.54	3.81181069594969e-07	WBP5
92	3.37381744039149e-11	0.415095031075503	0.56	0.18	7.75269509627561e-07	FKBP11
93	3.47373445151164e-11	0.703080629395701	0.44	0.07	7.9822943961286e-07	IGFBP2
94	3.87840367433574e-11	0.417454987907306	0.65	0.21	8.9121838032561e-07	GLRX5
95	4.45314465484705e-11	0.370098435847338	0.68	0.25	1.0232881102373e-06	CEBPB
96	8.1592753386862e-11	0.276710582573551	0.74	0.42	1.8749198800767e-06	THY1
97	1.00308817422178e-10	0.276300606108076	0.96	0.65	2.30499631554422e-06	C9orf16
98	1.05656312503688e-10	0.294229737683961	0.86	0.53	2.42787640502225e-06	SNHG8
99	1.12218553497064e-10	0.592612380831362	0.82	0.36	2.57867014080904e-06	ELOVL5
100	1.15028083197108e-10	0.436059788956334	0.55	0.13	2.64323032378635e-06	ZNF90
101	1.16611977690601e-10	0.32374879822018	0.88	0.57	2.67962663535232e-06	HSPE1
102	1.31043424335906e-10	0.686484492160403	0.43	0.11	3.01124684781478e-06	PAPPA2
103	2.21842819840526e-10	0.33910198317362	0.64	0.22	5.09772615711545e-06	CTSA
104	2.91649692694203e-10	-1.32053030075675	0.43	0.78	6.7018182884201e-06	CYR61
105	3.2302835631228e-10	0.428546236912046	0.56	0.15	7.42286859969989e-06	NFKBIA
106	3.30793907697828e-10	0.321184514875746	0.67	0.26	7.60131320498838e-06	OAF
107	3.56101926881957e-10	0.290439108838348	0.62	0.26	8.18286617782049e-06	SFRP1
108	3.70449730655183e-10	0.406491287540713	0.5	0.12	8.51256436072546e-06	FIGF
109	4.55466093816926e-10	0.440064398868554	0.52	0.12	1.04661553698191e-05	C1GALT1C1
110	5.25876090659881e-10	0.481225022484006	0.49	0.07	1.20841066872734e-05	TMEM64
111	6.20467433414265e-10	0.308989454460357	0.75	0.45	1.42577211524264e-05	GRN
112	6.46423741912699e-10	0.43479137260141	0.82	0.5	1.48541711654119e-05	AKR1C2
113	8.11843614877552e-10	0.326914526586204	0.74	0.58	1.86553544262713e-05	MARCKSL1
114	8.14990530959359e-10	0.32730776816089	0.82	0.54	1.87276674109151e-05	PRKAR1A
115	8.33886543475922e-10	0.296637575237638	0.67	0.28	1.91618788825332e-05	RABGGTB
116	8.44456627265596e-10	0.378480367520766	0.58	0.19	1.94047688379361e-05	TAF12
117	9.50311171065545e-10	0.262557751042825	0.61	0.31	2.18372003999152e-05	TMED3
118	1.19345620727993e-09	0.716197256266981	0.34	0.06	2.74244301870856e-05	MT1F
119	1.83633976319223e-09	0.292365122184607	0.83	0.51	4.21972514183943e-05	HMGN1
120	2.33724598769825e-09	0.261985047016972	0.74	0.42	5.3707575551318e-05	STUB1
121	3.05176444902879e-09	-1.68015591597233	0.42	0.58	7.01264952742326e-05	THBS1
122	3.62734853284393e-09	0.314035061184454	0.59	0.18	8.33528419362206e-05	ETHE1
123	3.68648041694531e-09	0.37954444122224	0.49	0.16	8.47116335009864e-05	CHMP1B
124	4.31930201505037e-09	-1.59428547585878	0.12	0.4	9.92532410038425e-05	PTX3
125	4.99852530232419e-09	0.368687072331146	0.56	0.14	0.000114861112922107	PKDCC
126	6.0956265058145e-09	-1.00561243597004	0.1	0.5	0.000140071401477111	IFITM1
127	8.57168432114171e-09	0.290029813132004	0.69	0.29	0.000196968734015515	PAPPA
128	8.61957373300803e-09	0.3362453658675	0.59	0.2	0.000198069184810792	HIPK2
129	1.43976994768959e-08	0.317993882058955	0.56	0.26	0.000330844736279592	SNHG7
130	1.77802665083712e-08	0.437834768031067	0.41	0.06	0.000408572744095862	MAOA
131	2.03471384117905e-08	0.312733177337061	0.48	0.18	0.000467556893564535	ZNF703
132	2.54513111679546e-08	-0.879770317469296	0.23	0.56	0.000584845679328428	DAB2
133	2.78805514596637e-08	0.267553829602152	0.77	0.39	0.000640667191991612	C19orf10
134	2.80904734081336e-08	0.443103395234289	0.85	0.42	0.000645490988445503	CYCS
135	3.12923624397909e-08	0.330146076375917	0.49	0.13	0.000719067196503954	ITSN1
136	3.44627695857661e-08	0.291830904961152	0.53	0.29	0.000791919982311319	CXCL12
137	3.86189469634471e-08	-1.36138211837703	0.33	0.51	0.00088742478227305	ADIRF
138	4.02441779074255e-08	0.34097607904188	0.8	0.34	0.000924770964134732	LAGE3
139	6.69015233195006e-08	0.258214557050536	0.58	0.16	0.0015373301043588	FKBP10
140	7.15379889883711e-08	0.319207784144395	0.58	0.29	0.00164387144896378	CSAD
141	7.42428836147076e-08	0.260802283101926	0.68	0.38	0.00170602722258237	G6PD
142	1.3207678015956e-07	0.309282636102754	0.52	0.26	0.00303499233128652	LIPA
143	1.46282055367615e-07	0.288488241041331	0.48	0.14	0.00336141535029242	RPUSD3
144	1.60415571664427e-07	0.257416357526786	0.69	0.37	0.00368618942127686	SRGN
145	2.40180474613387e-07	0.305711235033684	0.47	0.13	0.00551910712614101	NAA50
146	2.435982234305e-07	0.285401657026679	0.45	0.1	0.00559764357620946	DHRS3
147	2.5077766902192e-07	0.255645026058724	0.38	0.08	0.0057626200564547	PYGB
148	2.86492376432788e-07	0.27344503991627	0.44	0.2	0.00658330831804904	AOX1
149	3.33206655468995e-07	0.327488036385953	0.4	0.12	0.00765675573602203	PTGES
150	3.39326376707148e-07	-1.40910745083822	0.27	0.65	0.00779738081035356	PTGDS
151	3.69059790057747e-07	0.326262835874738	0.38	0.09	0.00848062491573697	MANEA
152	5.69238528387213e-07	0.268809499330853	0.46	0.15	0.0130805321438098	DEXI
153	6.03523488165732e-07	0.250287551971924	0.41	0.11	0.0138683662345604	ZFHX3
154	6.81187543415739e-07	-0.863271544980736	0.2	0.46	0.0156530085601503	LINC00152
155	9.34179573793713e-07	0.306662038697908	0.37	0.04	0.0214665124262057	ZBTB16
156	1.37290212611912e-06	0.275953993545736	0.45	0.18	0.0315479179560912	HOXA5
157	1.38047834363077e-06	-0.266792140128471	0.98	0.89	0.0317220118582915	SERPING1
158	1.51169708251962e-06	0.265948451723866	0.43	0.11	0.0347372872592182	VPS26A
159	1.98583462865845e-06	0.256292196422474	0.42	0.12	0.0456324939319425	RP5-940J5.9
