cluster	p_val	avg_logFC	pct.1	pct.2	p_val_adj	gene
Peri.white	0	0.868351121371714	0.928	0.407	0	TM4SF1
Peri.white	0	0.81153092013182	0.963	0.681	0	SRGN
Peri.white	0	0.659466993867961	0.564	0.161	0	NEFM
Peri.white	0	0.651365485461192	0.83	0.468	0	MEST
Peri.white	0	0.626270827449587	0.932	0.628	0	RGS4
Peri.white	0	0.617882552033185	0.961	0.817	0	PTX3
Peri.white	0	0.575514713590495	0.697	0.354	0	MTRNR2L1
Peri.white	0	0.540713818201925	0.967	0.802	0	GLIPR1
Peri.white	0	0.510006250259412	0.994	0.964	0	CRYAB
Peri.white	0	0.50500079301041	0.916	0.656	0	CTSC
Peri.white	0	0.486281142988884	0.999	0.983	0	HSP90AA1
Peri.white	0	0.481905159015643	0.374	0.119	0	KISS1
Peri.white	0	0.4772509361803	1	0.943	0	COTL1
Peri.white	0	0.474084555347128	0.999	0.929	0	HMGA1
Peri.white	0	0.444719126796135	0.956	0.757	0	SCUBE3
Peri.white	0	0.420786325695662	0.822	0.537	0	FGF5
Peri.white	0	0.413412514631589	0.995	0.968	0	IGFBP7
Peri.white	0	0.383628010099472	0.878	0.518	0	SERINC2
Peri.white	0	0.372580808333119	0.644	0.203	0	SERTAD4-AS1
Peri.white	0	0.36296739466666	0.809	0.529	0	FST
Peri.white	0	0.361529637303838	0.947	0.627	0	MTRNR2L8
Peri.white	0	0.355462173990936	0.999	0.989	0	LDHA
Peri.white	0	0.354200954473324	0.962	0.827	0	STMN1
Peri.white	0	0.351936708390352	0.953	0.686	0	FABP5
Peri.white	0	0.343527327886596	0.942	0.693	0	MIF
Peri.white	0	0.341697011386323	0.971	0.701	0	PHLDA2
Peri.white	0	0.341437688010438	0.905	0.676	0	COL4A1
Peri.white	0	0.334160627220032	0.272	0.035	0	BEX1
Peri.white	0	0.333222990958632	0.979	0.84	0	ASPH
Peri.white	0	0.330141245659949	0.591	0.228	0	ACAN
Peri.white	0	0.328612587296893	0.862	0.409	0	LINC01116
Peri.white	0	0.325770256301563	0.561	0.277	0	LY6K
Peri.white	0	0.3159047741912	0.718	0.53	0	MKI67
Peri.white	0	0.315015187744017	1	0.99	0	MT2A
Peri.white	0	0.313671387932715	0.277	0.055	0	CD36
Peri.white	0	0.311150747073325	0.998	0.984	0	RPL22L1
Peri.white	0	0.307800787528179	0.874	0.678	0	PTTG1
Peri.white	0	0.306044130232267	0.894	0.719	0	ADAMTS1
Peri.white	0	0.302822491421422	0.996	0.951	0	CYCS
Peri.white	0	0.301766730723179	0.943	0.682	0	PALLD
Peri.white	0	0.29989111220412	0.991	0.964	0	MT1E
Peri.white	0	0.298557661608045	0.914	0.774	0	CKS2
Peri.white	0	0.29835862421457	0.785	0.384	0	AP1S2
Peri.white	0	0.296043477201407	0.994	0.864	0	RANBP1
Peri.white	0	0.296017858419528	0.839	0.558	0	PLOD2
Peri.white	0	0.292556138105073	0.906	0.652	0	SLC16A3
Peri.white	0	0.292482620693219	0.99	0.802	0	C1QBP
Peri.white	0	0.289102235310032	0.82	0.542	0	ARHGAP29
Peri.white	0	0.283999917767026	0.94	0.682	0	PSME2
Peri.white	0	0.281782005432358	0.964	0.78	0	UBE2S
Peri.white	0	0.28030863662762	0.814	0.572	0	ADM
Peri.white	0	0.279446367645588	0.999	0.947	0	C12orf75
Peri.white	0	0.278532066663875	0.951	0.782	0	BNIP3
Peri.white	0	0.277022885001353	0.991	0.911	0	TNFRSF12A
Peri.white	0	0.275613111051182	0.995	0.907	0	MGST3
Peri.white	0	0.27535020627487	0.968	0.744	0	CCDC50
Peri.white	0	0.274392559873221	0.988	0.92	0	FHL2
Peri.white	0	0.272507869614593	0.953	0.933	0	CYR61
Peri.white	0	0.27236637982341	0.453	0.178	0	KRT34
Peri.white	0	0.271328454056661	0.996	0.958	0	NCL
Peri.white	0	0.27040464276815	0.981	0.837	0	NBEAL1
Peri.white	0	0.270257334283931	0.998	0.961	0	HNRNPA2B1
Peri.white	0	0.269498985081563	0.962	0.827	0	COL6A2
Peri.white	0	0.269307744271956	0.999	0.991	0	H2AFZ
Peri.white	0	0.269260608477841	0.98	0.763	0	MRPL23
Peri.white	0	0.267356299139255	0.858	0.627	0	KCTD20
Peri.white	0	0.264869422646433	0.942	0.82	0	CKS1B
Peri.white	0	0.262524573388972	0.846	0.586	0	PHLDA1
Peri.white	0	0.26166997039549	0.991	0.894	0	BZW1
Peri.white	0	0.255804682375396	0.724	0.515	0	UBE2C
Peri.white	0	0.25480633297454	0.993	0.932	0	HSPA8
Peri.white	0	0.253767699352346	1	0.998	0	PPIA
Peri.white	0	0.253572199026138	0.727	0.345	0	CENPV
Peri.white	0	0.2523939290786	0.794	0.509	0	TYMS
Peri.white	0	0.252366162953126	0.983	0.921	0	SRSF3
Peri.white	0	0.251940155904989	0.905	0.684	0	TK1
Peri.white	0	0.251591085094891	0.962	0.766	0	ECI2
Peri.white	0	0.250955503381693	0.768	0.537	0	PRC1
Peri.white	0	0.250108823572707	0.544	0.135	0	HOXA9
Peri.white	0	0.250080383651155	0.894	0.715	0	CITED2
Peri.white	0	-0.909226357985728	0.918	0.903	0	TIMP3
Peri.white	2.12121867907538e-297	-0.280817823553026	0.007	0.368	5.10747033547769e-293	HAND2
Peri.white	5.15864100920664e-286	0.25680867648338	0.999	0.972	1.24209758219678e-281	TAGLN
Peri.white	2.59466315942186e-238	-0.33098125696237	0.997	0.991	6.24742995525595e-234	PPDPF
Peri.white	6.81170246114344e-231	-0.38465988961805	0.184	0.3	1.64012171859412e-226	SCRG1
Peri.white	4.469539531797e-228	0.346268552161777	0.544	0.389	1.07617572846608e-223	KRT19
Peri.white	9.16545664071043e-228	-0.384310166721534	0.389	0.39	2.20685864995026e-223	ACTA2
Peri.white	5.8218211724121e-212	-0.290600676120751	0.99	0.984	1.40177810189338e-207	MT-ND3
Peri.white	2.35326170255676e-191	-0.272815623296481	0.21	0.314	5.66618352741617e-187	LACC1
Peri.white	9.37543260345355e-177	-0.776831638589979	0.661	0.832	2.25741666225955e-172	IGFBP3
Peri.white	2.5236969738252e-170	-0.275219483660035	1	1	6.07655757357631e-166	RPL26
Peri.white	1.69012033451544e-160	-0.405440057840499	0.386	0.501	4.06947174144628e-156	LUM
Peri.white	7.29743201549067e-153	-0.317373758531216	0.994	0.988	1.75707568068984e-148	RPS10
Peri.white	3.03810857982323e-147	-0.256199212481936	0.994	0.997	7.31515783849837e-143	MT-CYB
Peri.white	9.01911576619155e-141	-0.328072451525669	0.985	0.962	2.1716226941836e-136	RPL36A
Peri.white	1.68688264935308e-139	-0.39165121319041	0.98	0.993	4.06167604311235e-135	COL1A1
Peri.white	1.37282006082359e-121	-0.269812944268621	0.236	0.345	3.30547614245104e-117	LIMCH1
Peri.white	4.91007470013327e-116	-0.370242239452132	0.44	0.364	1.18224778629809e-111	VEPH1
Peri.white	3.57873712823228e-113	-0.465165119415989	1	1	8.61688325735769e-109	RPS29
Peri.white	1.93136406867525e-110	-0.332932980139665	0.998	0.999	4.65033840455626e-106	MALAT1
Peri.white	1.10120319479129e-109	-0.265281908256741	0.995	0.997	2.65147705241848e-105	MT-ATP6
Peri.white	4.17390537934798e-101	-0.641028358910649	0.701	0.642	1.00499293723941e-96	THBS1
Peri.white	1.57810114898222e-100	-0.409688261026889	0.163	0.342	3.7997519465194e-96	PI16
Peri.white	1.74361224663507e-100	-0.309986172828697	0.956	0.98	4.19826956744792e-96	NEAT1
Peri.white	7.5942753957172e-97	-0.336723937342894	0.982	0.993	1.82854962978079e-92	COL1A2
Peri.white	2.29282698643497e-92	-0.360188455994843	0.364	0.496	5.52066881793813e-88	ELN
Peri.white	7.94977293055697e-84	-0.294253741008361	0.99	0.976	1.91414632621951e-79	EIF5A
Peri.white	3.71897080531031e-81	-0.304476023119605	0.858	0.905	8.95453790502616e-77	NUPR1
Peri.white	3.0255086577778e-62	0.256147812298223	0.332	0.176	7.28481974619738e-58	PENK
Peri.white	1.03426754208947e-59	-0.285428879973472	0.998	0.997	2.49030938784302e-55	TIMP1
Peri.white	3.13247260807434e-59	-0.321006201931238	0.403	0.433	7.5423675457214e-55	HES1
Peri.white	5.72701726041913e-56	-0.30663786348318	0.994	0.985	1.37895121596372e-51	ZFAS1
Peri.white	2.51176887700228e-53	-0.388826063649232	1	1	6.04783710204608e-49	FTL
Peri.white	5.34612569820968e-46	-0.561227657719201	0.992	0.991	1.28724014561493e-41	CCDC80
Peri.white	1.9105226926997e-43	-0.349502207037199	0.456	0.566	4.60015653948235e-39	SULF1
Peri.white	6.60878831905086e-43	-0.456800713523824	0.468	0.672	1.59126405146107e-38	PTGIS
Peri.white	1.39363940988913e-35	-0.276291875129007	0.978	0.943	3.35560497113104e-31	C6orf48
Peri.white	1.86993088952941e-34	-0.274250666233934	0.968	0.946	4.50241959580891e-30	IFITM3
Peri.white	3.2224213041019e-26	-0.338208690416657	0.874	0.805	7.75894601601656e-22	NNMT
Peri.white	6.03185088431884e-26	-0.528465934541096	0.913	0.949	1.45234905592629e-21	COL3A1
Peri.white	1.55534802633654e-25	-0.282911143835816	0.865	0.82	3.74496697781312e-21	SERPINE2
Peri.white	7.32598023400113e-22	-0.251444997786788	0.871	0.888	1.76394952074279e-17	THY1
Peri.white	5.81593700843561e-19	-0.270784292687582	0.885	0.86	1.40036131289113e-14	IFITM2
Peri.white	1.81419675105556e-17	-0.473034246286822	0.257	0.226	4.36822293719158e-13	IGFBP5
Peri.white	1.17119500918881e-15	-0.427870591151847	0.78	0.719	2.82000334312481e-11	DCN
Peri.white	1.10934858266772e-13	-0.387098110491134	0.55	0.73	2.67108951734734e-09	ISLR
Peri.white	3.08685760208771e-11	-0.337750008934862	0.637	0.701	7.43253573430678e-07	CRLF1
Peri.white	1.29053331808922e-10	-0.256914660108557	0.807	0.745	3.10734612329522e-06	DKK1
Peri.white	1.16855469091325e-08	-0.355136140676401	0.917	0.912	0.000281364598478093	S100A4
Supra.white	0	1.76712332738322	0.787	0.226	0	IGFBP5
Supra.white	0	0.934866495911769	0.977	0.832	0	IGFBP3
Supra.white	0	0.779350666043357	0.978	0.8	0	AKAP12
Supra.white	0	0.614829890597596	0.804	0.475	0	TNFRSF11B
Supra.white	0	0.596827228889641	0.955	0.719	0	DCN
Supra.white	0	0.592959057621511	0.884	0.539	0	IFI27
Supra.white	0	0.583336828296022	0.808	0.448	0	EFEMP1
Supra.white	0	0.574475256494138	0.995	0.892	0	MFAP5
Supra.white	0	0.560205840066602	0.906	0.656	0	CYP1B1
Supra.white	0	0.544005307511647	0.297	0.037	0	ADH1B
Supra.white	0	0.525130028853616	0.541	0.176	0	G0S2
Supra.white	0	0.513468299798526	0.989	0.992	0	FN1
Supra.white	0	0.510004357875917	0.849	0.556	0	RP11-572C15.6
Supra.white	0	0.506097848528118	0.842	0.552	0	PPAP2B
Supra.white	0	0.499249847184007	0.976	0.94	0	FBN1
Supra.white	0	0.496656620853259	0.967	0.791	0	FHL1
Supra.white	0	0.471008304914711	0.923	0.638	0	DSP
Supra.white	0	0.465890070067065	0.95	0.811	0	CTGF
Supra.white	0	0.460340676685046	1	0.942	0	RPSA
Supra.white	0	0.44508598411789	0.592	0.233	0	LXN
Supra.white	0	0.441263808902134	0.74	0.563	0	POSTN
Supra.white	0	0.44087867077246	0.89	0.612	0	FBLN2
Supra.white	0	0.43871313412131	0.792	0.507	0	FOS
Supra.white	0	0.432808361430865	1	0.964	0	MYL9
Supra.white	0	0.426889215100033	0.844	0.496	0	ELN
Supra.white	0	0.425881503313647	0.981	0.971	0	IGFBP6
Supra.white	0	0.423051663034021	0.851	0.827	0	COL6A2
Supra.white	0	0.420938088284122	0.981	0.786	0	TKT
Supra.white	0	0.418184167239795	0.717	0.514	0	JUNB
Supra.white	0	0.41233468242785	0.93	0.66	0	BGN
Supra.white	0	0.410131013535173	0.968	0.855	0	ID2
Supra.white	0	0.406621741570639	0.994	0.966	0	TGFBI
Supra.white	0	0.402640550760597	0.91	0.542	0	PHGDH
Supra.white	0	0.385829039258107	0.826	0.701	0	CRLF1
Supra.white	0	0.38525784367105	0.988	0.861	0	LGALS3
Supra.white	0	0.37976032313031	0.999	0.937	0	ANXA1
Supra.white	0	0.378743796560413	0.622	0.168	0	FBLN1
Supra.white	0	0.378641294261012	0.6	0.277	0	LY6K
Supra.white	0	0.375961102241041	0.761	0.627	0	MTRNR2L8
Supra.white	0	0.371651020748117	0.541	0.105	0	LSP1
Supra.white	0	0.370440999617146	0.982	0.819	0	PRRX1
Supra.white	0	0.369657385778273	0.998	0.996	0	B2M
Supra.white	0	0.367509698662257	0.749	0.347	0	ANKH
Supra.white	0	0.367164241130047	0.896	0.672	0	PTGIS
Supra.white	0	0.364977488346974	0.892	0.57	0	SNX9
Supra.white	0	0.359871584494842	0.55	0.242	0	AKR1C1
Supra.white	0	0.358984789045218	0.992	0.867	0	UBC
Supra.white	0	0.355678214733204	0.995	0.864	0	RNH1
Supra.white	0	0.354169539843887	0.865	0.534	0	PCOLCE
Supra.white	0	0.351906443375659	1	0.995	0	NPM1
Supra.white	0	0.350860111192808	0.979	0.862	0	RAB13
Supra.white	0	0.345788607518025	1	0.995	0	EEF2
Supra.white	0	0.343442519106602	0.969	0.861	0	VCAN
Supra.white	0	0.342948064964832	0.679	0.407	0	TM4SF1
Supra.white	0	0.34042165651871	0.969	0.735	0	EIF4A2
Supra.white	0	0.337781426827435	0.623	0.298	0	GREM2
Supra.white	0	0.336527921139292	0.998	0.972	0	TAGLN
Supra.white	0	0.334984075021939	0.805	0.395	0	ITGBL1
Supra.white	0	0.334611608176391	0.967	0.718	0	DDAH2
Supra.white	0	0.334165499032132	0.989	0.993	0	COL1A2
Supra.white	0	0.332834336320107	0.995	0.991	0	CCDC80
Supra.white	0	0.327170603887619	0.971	0.949	0	COL3A1
Supra.white	0	0.321224803014073	0.758	0.375	0	LTBP1
Supra.white	0	0.31812803562252	0.908	0.67	0	PDGFRA
Supra.white	0	0.316372123642513	0.909	0.676	0	MYO1B
Supra.white	0	0.316209254520378	0.926	0.649	0	ADD3
Supra.white	0	0.313185608721129	0.878	0.528	0	NFIB
Supra.white	0	0.30827917381115	0.989	0.92	0	FHL2
Supra.white	0	0.308076125930784	0.926	0.622	0	HLA-C
Supra.white	0	0.305434810503218	0.609	0.195	0	C1S
Supra.white	0	0.302583226024155	0.541	0.12	0	C1R
Supra.white	0	0.298648234754322	0.553	0.176	0	OSR2
Supra.white	0	0.2979569357288	0.945	0.768	0	MMP2
Supra.white	0	0.296782111985704	0.999	0.944	0	UBB
Supra.white	0	0.29634331845829	0.999	0.997	0	TIMP1
Supra.white	0	0.295598811184406	0.972	0.773	0	EIF4B
Supra.white	0	0.293298062648103	0.996	0.899	0	EIF3E
Supra.white	0	0.293178622842186	0.673	0.49	0	MYH10
Supra.white	0	0.290597428125442	0.994	0.997	0	MT-CYB
Supra.white	0	0.287993495661554	0.81	0.435	0	SVIL
Supra.white	0	0.286483106584354	0.999	0.929	0	LDHB
Supra.white	0	0.283784443481348	0.995	0.932	0	HSPA8
Supra.white	0	0.283688654078108	0.997	0.907	0	MGST3
Supra.white	0	0.281552736418164	0.986	0.868	0	LAPTM4A
Supra.white	0	0.279657602366754	0.994	0.988	0	SPARC
Supra.white	0	0.27798972619526	0.898	0.563	0	GRN
Supra.white	0	0.27775992507579	1	0.978	0	HNRNPA1
Supra.white	0	0.276755995526303	0.998	0.961	0	PRDX5
Supra.white	0	0.276105433874463	0.987	0.905	0	NUPR1
Supra.white	0	0.273026299003466	0.861	0.509	0	GSN
Supra.white	0	0.270978473610959	0.516	0.145	0	ANK3
Supra.white	0	0.270908579788546	0.996	0.998	0	MT-CO1
Supra.white	0	0.270761897386066	0.591	0.517	0	HMOX1
Supra.white	0	0.269210216310987	0.931	0.631	0	BLVRB
Supra.white	0	0.267891468129091	1	1	0	VIM
Supra.white	0	0.264741223205271	0.75	0.505	0	PNRC1
Supra.white	0	0.264621307373059	0.559	0.158	0	PDE5A
Supra.white	0	0.259934384951273	0.468	0.129	0	AKR1C3
Supra.white	0	0.259157400720808	0.925	0.78	0	ITM2B
Supra.white	0	0.258862747721291	0.924	0.623	0	IMPDH2
Supra.white	0	0.258484976730894	0.891	0.606	0	IFI16
Supra.white	0	0.256272131450026	0.647	0.287	0	SLIT3
Supra.white	0	0.255741373632613	0.549	0.25	0	PLK2
Supra.white	0	0.253060486672583	0.905	0.587	0	SH3BGRL
Supra.white	0	0.252170733719862	0.716	0.325	0	FBLN5
Supra.white	0	-0.250814836827348	1	1	0	RPL36
Supra.white	0	-0.251651996078053	0.987	0.981	0	KTN1
Supra.white	0	-0.258306614463608	0.999	0.999	0	POLR2L
Supra.white	0	-0.259859536736098	1	1	0	RPL39
Supra.white	0	-0.311021310942012	1	1	0	RPS28
Supra.white	0	-0.324753700245137	1	1	0	RPL37
Supra.white	0	-0.352624075537715	0.22	0.488	0	HOXC8
Supra.white	0	-0.363749418100154	1	1	0	RPL37A
Supra.white	0	-0.420890889361977	0.093	0.57	0	HOXB7
Supra.white	0	-0.801176821672638	0.579	0.828	0	GREM1
Supra.white	5.15690170941117e-293	-0.385898808005637	1	1	1.24167879359202e-288	RPS27
Supra.white	2.92271354357084e-287	0.341122932749816	0.515	0.186	7.03730967020987e-283	MGP
Supra.white	3.73045740321598e-265	0.432430525927146	0.312	0.101	8.98219533546343e-261	KRT14
Supra.white	6.80261934807318e-265	-0.25987486524875	0.999	0.999	1.63793468662906e-260	OST4
Supra.white	1.41810627384704e-264	-0.352631192131947	1	1	3.41451628616889e-260	TMSB10
Supra.white	2.23813846616827e-251	-0.38255701989143	0.999	1	5.38898979883997e-247	RPL38
Supra.white	1.08408386789276e-247	-0.259591732637987	0.946	0.937	2.61025713711219e-243	PPP1R14B
Supra.white	1.94105963402295e-234	0.575617596367676	0.501	0.176	4.67368338680047e-230	PENK
Supra.white	7.59599071327321e-215	-0.323693245590083	0.953	0.964	1.82896264394192e-210	MT1E
Supra.white	1.40469916240526e-202	-0.261460827158658	0.258	0.407	3.38223464323938e-198	RP11-173B14.5
Supra.white	7.67667967723318e-198	-0.386911804142997	0.378	0.364	1.84839093268421e-193	VEPH1
Supra.white	8.8618183049238e-175	-0.32616562300428	0.994	0.995	2.13374861145955e-170	GUK1
Supra.white	2.11256353807784e-174	-0.463069920324337	0.522	0.606	5.08663048698382e-170	AC009501.4
Supra.white	8.03625464232442e-174	-0.315835913017658	0.999	0.997	1.93496939277887e-169	UQCRQ
Supra.white	1.65553446882362e-172	-0.256316079837182	0.943	0.906	3.98619589403352e-168	AXL
Supra.white	1.2828656659887e-169	-0.340706652950704	0.999	0.999	3.08888395056759e-165	TMA7
Supra.white	6.35610124159455e-158	-0.316655659882903	0.997	0.988	1.53042205695113e-153	RPS10
Supra.white	6.98238109315724e-158	-0.276499132166039	0.986	0.978	1.6812177196104e-153	SNRPG
Supra.white	1.08641483289126e-152	-0.284252099912207	0.991	0.986	2.61586963463556e-148	MYEOV2
Supra.white	3.79071659779679e-151	-0.267727925310769	0.937	0.922	9.12728742417511e-147	DEK
Supra.white	3.82319326691563e-150	-0.303303233125735	0.957	0.967	9.20548474807946e-146	HMGN1
Supra.white	1.20311566752213e-142	-0.5135148007554	0.666	0.745	2.89686190425978e-138	DKK1
Supra.white	3.99780360337261e-142	-0.366066194094605	1	1	9.62591151620058e-138	ATP5E
Supra.white	3.78139020761623e-137	-0.298573934715076	0.973	0.967	9.10483134189835e-133	SLIRP
Supra.white	1.86131365039872e-117	-0.288344857923525	0.998	0.991	4.48167100743003e-113	H2AFZ
Supra.white	1.37330301450599e-107	-0.406552650654596	0.995	0.991	3.30663899832752e-103	PPDPF
Supra.white	2.8549172192686e-100	-0.255792158349555	0.952	0.932	6.87406968055493e-96	MRPL52
Supra.white	1.40693524149923e-97	-0.276068715405459	0.915	0.897	3.38761867448183e-93	SPATS2L
Supra.white	2.84157333957069e-89	-0.2891204635269	0.963	0.947	6.84194028701831e-85	MRPL33
Supra.white	1.43828438848599e-86	-0.255325931007156	1	0.999	3.46310115059658e-82	TPM1
Supra.white	2.81445466807158e-86	-0.266531761890184	0.845	0.872	6.77664394978275e-82	HEBP2
Supra.white	3.30225508666002e-82	-0.297175210095541	0.887	0.926	7.95116979766e-78	C19orf10
Supra.white	2.19254680223982e-78	-0.503605117909281	0.983	0.99	5.27921419043304e-74	MT2A
Supra.white	1.06892148617476e-73	-0.275342833712281	0.843	0.883	2.57374915441159e-69	SRSF9
Supra.white	1.37981797587696e-68	-0.388059478552103	0.996	0.996	3.32232572231654e-64	USMG5
Supra.white	6.53036728739025e-68	-0.31861881779475	0.84	0.902	1.57238183545782e-63	PRELID1
Supra.white	5.51447644197653e-61	-0.281384117650757	0.957	0.951	1.32777563769911e-56	CYCS
Supra.white	9.09783243584524e-61	-0.349471806989514	0.905	0.934	2.19057609390282e-56	SRM
Supra.white	1.06626873749292e-60	-0.371671215859168	0.867	0.857	2.56736186613546e-56	CLDN11
Supra.white	5.43423801890657e-57	-0.373630700485668	0.999	0.999	1.30845583019232e-52	FTH1
Supra.white	2.92319298120228e-56	-0.343007791406612	0.891	0.944	7.03846406013884e-52	BRI3
Supra.white	1.47807957232721e-55	-0.52146527122601	1	1	3.55891999424945e-51	RPS21
Supra.white	7.21685423662837e-53	-0.269810692316513	0.786	0.774	1.73767416309538e-48	CKS2
Supra.white	1.30933878306592e-47	-0.289060526979461	0.752	0.853	3.15262592186612e-43	MRPL41
Supra.white	2.50982207154742e-46	-0.257236724789856	0.352	0.441	6.04314958387187e-42	TINAGL1
Supra.white	3.41722269985623e-44	-0.347781762176442	0.863	0.911	8.22798881671383e-40	TNFRSF12A
Supra.white	6.29445479197266e-44	-0.374505527056815	0.993	0.989	1.51557882481118e-39	UQCR11.1
Supra.white	1.64362614741653e-40	-0.288066621261006	0.726	0.78	3.95752303774952e-36	IER3
Supra.white	7.32160078514301e-40	-0.301191933853524	0.9	0.865	1.76289503704673e-35	NDUFB1
Supra.white	1.25219139725854e-39	-0.317575668622515	0.93	0.904	3.01502644631912e-35	ROMO1
Supra.white	1.48598220064192e-38	-0.339541556019719	0.785	0.88	3.57794794270562e-34	KRT10
Supra.white	1.06374816510866e-34	-0.512756417058658	0.402	0.523	2.56129283194863e-30	HAS2
Supra.white	3.03669737445195e-33	-0.325948367169311	0.899	0.927	7.31175993820541e-29	SERP1
Supra.white	1.93455134767161e-31	-0.254707804639495	0.649	0.716	4.6580127349237e-27	C4orf48
Supra.white	2.52357090711707e-29	-0.319167691988748	0.692	0.78	6.07625403015648e-25	UBE2S
Supra.white	1.40676880773497e-27	-0.425376322921651	0.998	0.997	3.38721793526426e-23	SEC61G
Supra.white	2.41173539418715e-24	-0.315505980927561	0.841	0.87	5.80697648212381e-20	HNRNPAB
Supra.white	3.34322440888091e-24	-0.278434376174852	0.742	0.762	8.04981573170344e-20	MT1X
Supra.white	3.46432487835837e-22	-0.580412504761075	0.736	0.642	8.34140144211128e-18	THBS1
Supra.white	3.02343703725903e-18	-0.311728607678248	0.804	0.803	7.27983169831229e-14	MALL
Supra.white	6.30501087565457e-18	-0.603402542106363	0.928	0.928	1.51812051864011e-13	HIST1H4C
Supra.white	4.29186845822416e-12	-0.337399185497029	0.752	0.844	1.03339608737121e-07	C17orf89
Supra.white	9.43856761807262e-10	-0.289591706338565	0.63	0.716	2.27261831107953e-05	SDF2L1
Supra.white	1.7522282401844e-08	-0.300356703744397	0.806	0.826	0.000421901515671599	COX17
Supra.white	1.9827517053564e-08	-0.271895901098933	0.45	0.433	0.000477406955615714	HES1
Supra.white	3.57907217592727e-07	-0.281733577894587	0.904	0.847	0.00861768998519767	GNG11
Visce.brown	0	0.357830042459448	1	1	0	FTL
Visce.brown	0	0.338249748197792	0.999	0.996	0	GUK1
Visce.brown	0	0.316716439962196	1	0.998	0	RPS2
Visce.brown	0	0.305482638591319	0.992	0.985	0	IGFBP4
Visce.brown	0	0.290238614715381	1	0.998	0	RPL13
Visce.brown	0	0.279872513159471	0.992	0.946	0	SRM
Visce.brown	0	0.279207048819678	0.999	0.99	0	MT2A
Visce.brown	0	0.275037781038095	0.993	0.966	0	PPP1R14B
Visce.brown	0	0.251436538308178	0.974	0.919	0	JTB
Visce.brown	0	-0.250547205665309	0.536	0.842	0	SNX9
Visce.brown	0	-0.252075414338491	0.142	0.451	0	FBLN1
Visce.brown	0	-0.252234586152996	0.992	0.999	0	TUBB
Visce.brown	0	-0.252637557109784	0.866	0.964	0	RAB13
Visce.brown	0	-0.253412528666591	0.699	0.932	0	EIF4A2
Visce.brown	0	-0.254977706437402	0.666	0.933	0	CCT5
Visce.brown	0	-0.255642752977114	0.861	0.982	0	RNH1
Visce.brown	0	-0.25607087735888	0.943	0.963	0	FBN1
Visce.brown	0	-0.256404096846578	0.414	0.666	0	MTRNR2L1
Visce.brown	0	-0.257542484789063	0.294	0.542	0	ACTA2
Visce.brown	0	-0.257557468916525	0.732	0.951	0	TALDO1
Visce.brown	0	-0.258080580796187	0.19	0.523	0	PLK2
Visce.brown	0	-0.258416664473641	0.991	0.999	0	LDHA
Visce.brown	0	-0.258569926240765	0.783	0.843	0	MTRNR2L8
Visce.brown	0	-0.258757148064829	0.985	0.999	0	HSP90AA1
Visce.brown	0	-0.262021844112431	0.247	0.521	0	LXN
Visce.brown	0	-0.271091419416357	0.34	0.677	0	HHIP
Visce.brown	0	-0.271135803072398	0.998	0.998	0	B2M
Visce.brown	0	-0.271831799895944	0.925	0.949	0	CYR61
Visce.brown	0	-0.274304413842066	0.996	0.998	0	RPS26
Visce.brown	0	-0.276470801868549	0.526	0.698	0	FGF5
Visce.brown	0	-0.276820142166947	0.963	0.997	0	CLIC1
Visce.brown	0	-0.278850492424406	0.811	0.941	0	GLIPR1
Visce.brown	0	-0.279286034873888	0.829	0.871	0	CYP1B1
Visce.brown	0	-0.279404055614887	0.982	0.998	0	CAV1
Visce.brown	0	-0.284498049069285	0.881	0.914	0	SERPINE1
Visce.brown	0	-0.286825015538452	0.938	0.994	0	HSPA8
Visce.brown	0	-0.288982741758241	0.205	0.602	0	SERTAD4-AS1
Visce.brown	0	-0.294353825391929	0.188	0.347	0	NEFM
Visce.brown	0	-0.29559721179787	0.679	0.923	0	ALCAM
Visce.brown	0	-0.297993266926693	0.36	0.487	0	KRT19
Visce.brown	0	-0.304056811758548	0.653	0.773	0	KRT18
Visce.brown	0	-0.309020845314625	1	1	0	VIM
Visce.brown	0	-0.310932327728272	0.841	0.961	0	HSPA5
Visce.brown	0	-0.31308152308239	0.989	0.998	0	MAP1B
Visce.brown	0	-0.313860759286925	1	1	0	ACTG1
Visce.brown	0	-0.315641070412929	0.287	0.583	0	LY6K
Visce.brown	0	-0.319354478948288	0.969	0.999	0	EIF4A1
Visce.brown	0	-0.3204973064822	0.986	1	0	MYL12A
Visce.brown	0	-0.325716885383157	0.917	0.996	0	MGST3
Visce.brown	0	-0.326339419771063	0.167	0.612	0	LINC01116
Visce.brown	0	-0.328976695935326	0.501	0.72	0	RP11-572C15.6
Visce.brown	0	-0.332050495751582	0.748	0.953	0	TKT
Visce.brown	0	-0.334535082124712	0.763	0.917	0	KRT7
Visce.brown	0	-0.3353799785298	0.454	0.574	0	HMOX1
Visce.brown	0	-0.337783102558954	1	1	0	MYL6
Visce.brown	0	-0.33795725043847	0.8	0.955	0	FHL1
Visce.brown	0	-0.342238797151719	0.962	0.98	0	TGFBI
Visce.brown	0	-0.346186604039669	0.137	0.405	0	MGP
Visce.brown	0	-0.348051076373734	0.479	0.743	0	FST
Visce.brown	0	-0.351638137052615	0.997	1	0	NPM1
Visce.brown	0	-0.35401375478753	0.882	0.9	0	COL6A2
Visce.brown	0	-0.356357182963763	0.524	0.808	0	PPAP2B
Visce.brown	0	-0.357429765298833	0.999	1	0	ANXA2
Visce.brown	0	-0.358216069533837	0.162	0.409	0	G0S2
Visce.brown	0	-0.366402006446141	0.184	0.42	0	ANKRD1
Visce.brown	0	-0.367304598182374	0.268	0.714	0	CRNDE
Visce.brown	0	-0.370934547968827	0.276	0.756	0	ITGBL1
Visce.brown	0	-0.375276999585811	0.988	0.994	0	CCDC80
Visce.brown	0	-0.379200067914923	0.949	0.998	0	HSP90AB1
Visce.brown	0	-0.379569643347244	0.57	0.88	0	BGN
Visce.brown	0	-0.381709290570218	0.946	0.998	0	UBB
Visce.brown	0	-0.382148908884651	0.401	0.721	0	THBS1
Visce.brown	0	-0.396508226127946	0.934	0.997	0	ANXA1
Visce.brown	0	-0.399740255325779	0.997	0.999	0	RPSA
Visce.brown	0	-0.402054271574989	0.842	0.983	0	UBC
Visce.brown	0	-0.411061844332283	0.989	0.999	0	TPM2
Visce.brown	0	-0.411946775114532	0.907	0.977	0	MFAP5
Visce.brown	0	-0.419469404529602	0.376	0.656	0	EFEMP1
Visce.brown	0	-0.428837163272106	0.721	0.895	0	SCUBE3
Visce.brown	0	-0.437260635213835	0.739	0.965	0	PRRX1
Visce.brown	0	-0.478362607955457	0.411	0.774	0	CXCL12
Visce.brown	0	-0.481898544537264	0.544	0.905	0	DSP
Visce.brown	0	-0.501533858961137	0.46	0.788	0	TM4SF1
Visce.brown	0	-0.503512473659913	0.421	0.612	0	POSTN
Visce.brown	0	-0.526194254715564	0.956	0.999	0	MYL9
Visce.brown	0	-0.527934249058864	0.686	0.931	0	SRGN
Visce.brown	0	-0.529810397089963	0.993	0.988	0	FN1
Visce.brown	0	-0.567621104203959	0.051	0.493	0	ACAN
Visce.brown	0	-0.624133676559656	0.76	0.938	0	CTGF
Visce.brown	0	-0.633874455208676	0.958	0.998	0	TAGLN
Visce.brown	0	-0.688518508424422	0.314	0.706	0	TNFRSF11B
Visce.brown	0	-0.693714463409001	0.951	0.996	0	CRYAB
Visce.brown	0	-0.698396409284771	0.774	0.839	0	IGFBP3
Visce.brown	0	-0.775899510889104	0.071	0.427	0	PENK
Visce.brown	0	-1.84214344588881	0.113	0.554	0	IGFBP5
Visce.brown	1.52159454669594e-287	0.250629130315709	0.324	0.002	3.66369534953448e-283	BARX1
Visce.brown	1.2254022498786e-272	0.251268528528436	0.88	0.908	2.9505235372577e-268	CLDN11
Visce.brown	8.6903501585966e-239	0.308950098973241	0.546	0.364	2.09246251118689e-234	HOXA5
Visce.brown	1.23491118299416e-237	0.304307659961939	0.986	0.932	2.97341914641334e-233	EIF5A
Visce.brown	3.00423779869149e-165	0.499190422029487	1	0.999	7.23360377168937e-161	FTH1
Visce.brown	8.56045591159458e-164	0.298530548706877	0.4	0.245	2.06118657439374e-159	SFRP1
Visce.brown	2.30309648594829e-141	0.310609981446267	0.93	0.871	5.5453957188663e-137	PLAC9
Visce.brown	2.07079182507834e-106	0.267318080738639	0.54	0.323	4.98605255642364e-102	HOXB7
Visce.brown	1.69389930349283e-95	0.342654094886776	0.588	0.456	4.07857074295003e-91	LUM
Visce.brown	8.91101446706914e-93	0.255938491061616	0.435	0.29	2.14559406338091e-88	HSD17B1
Visce.brown	3.55771905488628e-90	0.315976982764748	0.595	0.429	8.56627594035518e-86	RP11-173B14.5
Visce.brown	9.7938416073845e-63	0.307239465329839	0.863	0.878	2.35816118222604e-58	SERPINE2
Visce.brown	2.9785180434318e-24	0.279840096995674	0.464	0.348	7.17167574497509e-20	FAM43A
Subq.brown	0	1.11462451949092	0.897	0.721	0	THBS1
Subq.brown	0	0.923060718245801	0.974	0.948	0	TIMP3
Subq.brown	0	0.810162916971872	0.402	0.093	0	BCYRN1
Subq.brown	0	0.70187779055924	0.831	0.728	0	DKK1
Subq.brown	0	0.663273430681558	0.434	0.405	0	VEPH1
Subq.brown	0	0.561277396819549	0.888	0.69	0	GREM1
Subq.brown	0	0.5061835987754	0.528	0.429	0	HES1
Subq.brown	0	0.429127998577278	0.291	0.091	0	ACTC1
Subq.brown	0	0.302641801387934	0.554	0.369	0	NMT1
Subq.brown	0	0.302359185147278	1	1	0	RPL37A
Subq.brown	0	0.275679765230888	1	1	0	RPL38
Subq.brown	0	0.272823555927548	0.601	0.323	0	HOXB7
Subq.brown	0	-0.250752235396469	0.893	0.962	0	COTL1
Subq.brown	0	-0.253094136601393	0.992	1	0	NPM1
Subq.brown	0	-0.253915833975309	0.469	0.644	0	CEBPD
Subq.brown	0	-0.254896439937268	0.927	0.994	0	HSPA8
Subq.brown	0	-0.255845742932233	0.825	0.925	0	ID1
Subq.brown	0	-0.261619182139033	0.792	0.941	0	GLIPR1
Subq.brown	0	-0.262402275977976	0.987	0.997	0	CD59
Subq.brown	0	-0.2674939437016	0.858	0.964	0	RAB13
Subq.brown	0	-0.268691165687136	0.679	0.896	0	C1QBP
Subq.brown	0	-0.268694667416197	0.937	0.963	0	FBN1
Subq.brown	0	-0.268708081200276	0.839	0.939	0	CST3
Subq.brown	0	-0.270390650703263	0.54	0.792	0	CYBA
Subq.brown	0	-0.271162979414509	0.716	0.842	0	CKS2
Subq.brown	0	-0.271651984844213	0.73	0.871	0	PLAC9
Subq.brown	0	-0.272808040965777	0.21	0.503	0	PLAT
Subq.brown	0	-0.274102133567534	0.991	0.998	0	RPS2
Subq.brown	0	-0.274421922947446	0.479	0.774	0	ARHGAP29
Subq.brown	0	-0.284388220896929	0.191	0.409	0	G0S2
Subq.brown	0	-0.28455348310762	0.997	1	0	S100A10
Subq.brown	0	-0.296430722333056	0.296	0.682	0	MTRNR2L10
Subq.brown	0	-0.306485310056014	0.894	0.839	0	IGFBP3
Subq.brown	0	-0.315161321644482	0.753	0.928	0	STC2
Subq.brown	0	-0.316228449684062	0.763	0.954	0	MRPS6
Subq.brown	0	-0.317396857200064	0.201	0.602	0	SERTAD4-AS1
Subq.brown	0	-0.322638973225353	0.802	0.927	0	STMN1
Subq.brown	0	-0.326222238858756	0.329	0.747	0	SVIL
Subq.brown	0	-0.333501405797379	0.6	0.865	0	PDGFRA
Subq.brown	0	-0.333577534220869	0.219	0.521	0	LXN
Subq.brown	0	-0.335597707413654	0.6	0.896	0	MIF
Subq.brown	0	-0.337112220716291	0.582	0.808	0	PPAP2B
Subq.brown	0	-0.363177592759578	0.769	0.9	0	COL6A2
Subq.brown	0	-0.365555980635442	0.867	0.971	0	HMGA1
Subq.brown	0	-0.366286388094603	0.132	0.347	0	NEFM
Subq.brown	0	-0.371192867471647	0.933	0.985	0	IGFBP4
Subq.brown	0	-0.374882723135129	0.752	0.889	0	PRKCDBP
Subq.brown	0	-0.379184573678738	0.781	0.955	0	FHL1
Subq.brown	0	-0.380716793507313	0.911	0.989	0	FHL2
Subq.brown	0	-0.382854453093626	0.61	0.878	0	DCN
Subq.brown	0	-0.392582598670575	0.448	0.704	0	JUNB
Subq.brown	0	-0.395875837409454	0.291	0.666	0	MTRNR2L1
Subq.brown	0	-0.399859153484066	0.266	0.583	0	LY6K
Subq.brown	0	-0.401170271778138	0.572	0.743	0	CRLF1
Subq.brown	0	-0.403613220680715	0.454	0.748	0	IFI27
Subq.brown	0	-0.435126303578399	0.474	0.871	0	CYP1B1
Subq.brown	0	-0.437474550375216	0.522	0.817	0	CTSC
Subq.brown	0	-0.438197852933524	0.956	0.974	0	IGFBP6
Subq.brown	0	-0.448062794565183	0.575	0.762	0	RGS4
Subq.brown	0	-0.497772349104267	0.335	0.609	0	MEST
Subq.brown	0	-0.501864245800024	0.462	0.843	0	MTRNR2L8
Subq.brown	0	-0.524402599121916	0.676	0.931	0	SRGN
Subq.brown	0	-0.538502692467214	0.938	0.989	0	IGFBP7
Subq.brown	0	-0.734388357375036	0.352	0.788	0	TM4SF1
Subq.brown	0	-0.752724004089543	0.718	0.932	0	PTX3
Subq.brown	0	-0.889936831677031	0.344	0.554	0	IGFBP5
Subq.brown	0	-0.956217505965882	0.689	0.958	0	AKAP12
Subq.brown	9.56593639915148e-284	0.279457450738006	0.354	0.204	2.30328616618769e-279	TRNP1
Subq.brown	1.97776774782704e-251	0.895201331941287	1	1	4.76206918321795e-247	RPS29
Subq.brown	1.87070255349082e-234	0.378030851298393	0.911	0.869	4.50427760829521e-230	THY1
Subq.brown	1.70043908900738e-205	0.523334155981899	0.654	0.643	4.09431723851196e-201	AC009501.4
Subq.brown	1.69720544829179e-195	0.348318497309474	1	1	4.08653127839697e-191	RPS21
Subq.brown	1.51827150551812e-181	0.341470499010999	1	1	3.65569413098654e-177	RPS28
Subq.brown	9.11863065894297e-178	0.27109085924653	1	1	2.19558389006029e-173	ATP5E
Subq.brown	5.74493008617621e-176	-0.252492489595445	0.463	0.551	1.38326426614951e-171	MKI67
Subq.brown	3.1256028447834e-167	0.25388493373648	0.996	0.997	7.52582652966946e-163	USMG5
Subq.brown	3.93207612069636e-166	0.331696577605042	0.549	0.449	9.4676528834127e-162	TINAGL1
Subq.brown	7.30948656537252e-157	0.25188802714384	0.568	0.627	1.7599781752104e-152	FAM101B
Subq.brown	1.76188598007882e-153	0.322928188884864	0.535	0.431	4.24226906283379e-149	AAK1
Subq.brown	2.21488435461993e-153	0.392426690594042	0.853	0.783	5.33299854905388e-149	DYNC1I2
Subq.brown	5.98457933313753e-136	0.339295243477257	0.315	0.355	1.44096701183285e-131	SCRG1
Subq.brown	2.61371424297813e-128	0.387904904198415	0.852	0.794	6.29330115424274e-124	INHBA
Subq.brown	7.80983459092671e-118	0.435491368433438	1	1	1.88045197280333e-113	RPS27
Subq.brown	1.21330095235706e-115	0.615514570973185	0.589	0.548	2.92138603308533e-111	HAS2
Subq.brown	1.08058032510139e-113	0.36290476711067	0.449	0.483	2.60182130677913e-109	ANKRD37
Subq.brown	2.47616797703267e-113	0.496743876439652	0.754	0.664	5.96211725509926e-109	ADIRF
Subq.brown	5.9688232938643e-112	0.30279726475134	1	1	1.43717327269665e-107	RPL26
Subq.brown	8.5058724487457e-109	0.28032261403717	0.999	0.999	2.04804396820899e-104	MALAT1
Subq.brown	6.43879446745525e-107	0.272090963641099	0.39	0.283	1.55033293187387e-102	RP5-940J5.9
Subq.brown	9.50330140252335e-102	0.317352123590569	0.78	0.743	2.28820491169957e-97	ELL2
Subq.brown	4.94335636677631e-101	0.269955929968624	0.735	0.495	1.1902613459924e-96	HOXC8
Subq.brown	6.223884255863e-97	0.664873425493094	0.975	0.98	1.49858685112669e-92	RPL36A
Subq.brown	1.39218090499186e-96	0.329139727373695	0.715	0.633	3.35209318303941e-92	AP2B1
Subq.brown	6.25838289314348e-96	0.274542006769432	0.989	0.995	1.50689343301109e-91	EIF2S2
Subq.brown	4.76418571000175e-92	0.612107227355422	0.973	0.961	1.14712063525422e-87	ATP5I
Subq.brown	5.66640542672924e-91	0.30799691327528	0.927	0.937	1.36435709864787e-86	HIST1H4C
Subq.brown	5.8756263103885e-90	0.254664774828939	0.556	0.471	1.41473330301534e-85	PSG5
Subq.brown	6.94043692962015e-88	0.265489506153234	0.491	0.542	1.67111840391394e-83	ACTA2
Subq.brown	3.03942154969102e-82	0.260516105164909	0.513	0.389	7.31831920734604e-78	LIMCH1
Subq.brown	4.43553436921167e-68	0.425571538582254	0.988	0.991	1.06798796541879e-63	MT-ND3
Subq.brown	3.79664386459768e-50	0.305640295664075	0.81	0.765	9.14155909717829e-46	EIF3J
Subq.brown	9.60940958742927e-47	0.306676920058029	0.687	0.75	2.31375364046122e-42	HSPB6
Subq.brown	4.54760629948147e-42	0.304406198240952	0.929	0.944	1.09497264478915e-37	ROMO1
Subq.brown	2.18637096055248e-36	0.289111837214414	0.86	0.862	5.26434399881825e-32	CDH2
Subq.brown	1.37822463888884e-31	0.281036178472409	0.529	0.474	3.31848928551656e-27	FGF7
Subq.brown	6.05897283192117e-29	0.31572035537386	0.763	0.662	1.45887947846998e-24	CRIP2
Subq.brown	1.92800664486115e-26	0.267142222494478	0.904	0.947	4.64225439949667e-22	CCND1
Subq.brown	1.02642055111407e-24	0.496913134166503	0.986	0.996	2.47141540297246e-20	PPDPF
Subq.brown	3.33452984392679e-12	0.281346009274528	0.81	0.794	8.02888095820693e-08	DDX1
Subq.brown	6.56314867625005e-12	0.329795305260335	0.895	0.914	1.58027493826749e-07	SERPINE1
Subq.brown	4.55402036726026e-10	0.254554200778749	0.906	0.925	1.09651702402893e-05	WBP5
Subq.brown	2.90817436702559e-09	0.318889443983716	0.884	0.905	7.00230224092422e-05	FOXP1
Subq.brown	1.55045408376546e-08	0.261117121714508	1	1	0.000373318334289046	TMSB4X
Subq.brown	1.6115822438842e-07	0.352854071864648	0.931	0.923	0.00388036772682437	NDUFB1
Subq.brown	4.97618005873173e-07	0.305004132731347	0.649	0.665	0.0119816463454143	OAF
Subq.brown	1.96953165234221e-06	0.294310495815791	0.642	0.673	0.0474223831250957	NMT2
